array([0.   , 0.   , 0.015, 0.015, 0.02 , 0.02 , 0.025, 0.025, 0.035, 0.035, 0.05 , 0.05 , 0.06 , 0.06 , 0.065, 0.065, 0.08 , 0.08 , 0.1  , 0.1  , 0.105, 0.105, 0.11 , 0.11 , 0.12 , 0.12 , 0.125,
       0.125, 0.13 , 0.13 , 0.135, 0.135, 0.14 , 0.14 , 0.145, 0.145, 0.18 , 0.18 , 0.215, 0.215, 0.225, 0.225, 0.23 , 0.23 , 0.235, 0.235, 0.24 , 0.24 , 0.245, 0.245, 0.265, 0.265, 0.28 , 0.28 ,
       0.285, 0.285, 0.295, 0.295, 0.315, 0.315, 0.355, 0.355, 0.365, 0.365, 0.38 , 0.38 , 0.39 , 0.39 , 0.395, 0.395, 0.43 , 0.43 , 0.445, 0.445, 0.45 , 0.45 , 0.495, 0.495, 0.5  , 0.5  , 0.505,
       0.505, 0.515, 0.515, 0.555, 0.555, 0.605, 0.605, 0.625, 0.625, 0.65 , 0.65 , 0.655, 0.655, 0.79 , 0.79 , 0.84 , 0.84 , 0.9  , 0.9  , 1.   ]), array([0.01, 0.05, 0.05, 0.08, 0.08, 0.1 , 0.1 , 0.17, 0.17, 0.19, 0.19, 0.26, 0.26, 0.3 , 0.3 , 0.34, 0.34, 0.38, 0.38, 0.4 , 0.4 , 0.41, 0.41, 0.42, 0.42, 0.44, 0.44, 0.45, 0.45, 0.47, 0.47, 0.48,
       0.48, 0.52, 0.52, 0.53, 0.53, 0.54, 0.54, 0.55, 0.55, 0.56, 0.56, 0.58, 0.58, 0.61, 0.61, 0.62, 0.62, 0.64, 0.64, 0.65, 0.65, 0.66, 0.66, 0.67, 0.67, 0.68, 0.68, 0.7 , 0.7 , 0.71, 0.71, 0.74,
       0.74, 0.75, 0.75, 0.76, 0.76, 0.77, 0.77, 0.78, 0.78, 0.8 , 0.8 , 0.86, 0.86, 0.87, 0.87, 0.88, 0.88, 0.89, 0.89, 0.9 , 0.9 , 0.91, 0.91, 0.92, 0.92, 0.94, 0.94, 0.95, 0.95, 0.97, 0.97, 0.98,
       0.98, 0.99, 0.99, 1.  , 1.  ]))
('thresholds', array([ 2.15718441,  1.61865863,  1.35822954,  1.18881754,  1.08647838,  1.0682352 ,  0.98499567,  0.79153544,  0.73232415,  0.67783084,  0.54700253,  0.41810868,  0.41290628,  0.30705121,
        0.30027516,  0.15559918,  0.11675695,  0.06593053,  0.0456036 ,  0.02839994,  0.00952521,  0.00656766, -0.00154683, -0.00531967, -0.01019317, -0.03666507, -0.05716089, -0.08082993,
       -0.08161308, -0.10118061, -0.10153511, -0.10605875, -0.13292891, -0.15481826, -0.16083121, -0.16294482, -0.21124403, -0.2225784 , -0.27661101, -0.28068463, -0.31193702, -0.31348131,
       -0.33911435, -0.34839746, -0.36245386, -0.38450795, -0.40009624, -0.40692805, -0.41398774, -0.44826405, -0.48420632, -0.49218783, -0.53545315, -0.54341221, -0.54772308, -0.54876881,
       -0.58070926, -0.59473519, -0.6217363 , -0.63891201, -0.69277811, -0.69317691, -0.69959592, -0.73917557, -0.75029072, -0.76837324, -0.79179716, -0.8234137 , -0.83198445, -0.83762955,
       -0.92949774, -0.93666651, -0.96130805, -0.97289165, -0.98675805, -1.03833001, -1.08391922, -1.09261691, -1.09839398, -1.11725375, -1.12144247, -1.14583536, -1.16687033, -1.16800293,
       -1.29763736, -1.30569839, -1.46510327, -1.46554984, -1.49689267, -1.51265334, -1.63028334, -1.64698824, -1.65654934, -1.66915862, -2.04448666, -2.05149204, -2.20282128, -2.20408286,
       -2.55218293, -2.59453675, -5.08037478]))

