8.484661579132080078e-02
3.337151184678077698e-02
2.157844603061676025e-02
1.465852651745080948e-02
1.166125759482383728e-02
9.715739637613296509e-03
8.925502188503742218e-03
7.909433916211128235e-03
7.438891101628541946e-03
7.202383130788803101e-03
7.037944160401821136e-03
6.862262263894081116e-03
6.078794598579406738e-03
5.846171639859676361e-03
5.652808584272861481e-03
5.390376318246126175e-03
5.175956524908542633e-03
5.029657855629920959e-03
4.926913417875766754e-03
4.851390607655048370e-03
4.759150091558694839e-03
4.645718727260828018e-03
4.633502569049596786e-03
4.633445292711257935e-03
4.551541991531848907e-03
4.480870440602302551e-03
4.416023846715688705e-03
4.354391712695360184e-03
4.288036376237869263e-03
4.212745930999517441e-03
4.128538537770509720e-03
4.043668042868375778e-03
3.986577503383159637e-03
3.953852690756320953e-03
3.918950911611318588e-03
3.886491525918245316e-03
3.864951431751251221e-03
3.848467022180557251e-03
3.825136926025152206e-03
3.800990059971809387e-03
3.774133045226335526e-03
3.726917784661054611e-03
3.663669805973768234e-03
3.597147297114133835e-03
3.532999660819768906e-03
3.471276722848415375e-03
3.414125414565205574e-03
3.370253136381506920e-03
3.363018622621893883e-03
3.436170984059572220e-03
3.605102887377142906e-03
3.687739372253417969e-03
3.461036598309874535e-03
3.201453248038887978e-03
3.085565287619829178e-03
3.034030552953481674e-03
2.999509451910853386e-03
2.972259651869535446e-03
2.949266228824853897e-03
2.929033944383263588e-03
2.910825889557600021e-03
2.894131466746330261e-03
2.878577681258320808e-03
2.863884670659899712e-03
2.849828451871871948e-03
2.836221829056739807e-03
2.822907175868749619e-03
2.809737809002399445e-03
2.796586835756897926e-03
2.783359261229634285e-03
2.769980812445282936e-03
2.756415400654077530e-03
2.742647891864180565e-03
2.728685736656188965e-03
2.714535221457481384e-03
2.700214041396975517e-03
2.685753162950277328e-03
2.671199152246117592e-03
2.656627446413040161e-03
2.642148407176136971e-03
2.627897309139370918e-03
2.614029217511415482e-03
2.600694075226783752e-03
2.588018309324979782e-03
2.576089231297373772e-03
2.564946189522743225e-03
2.554590580984950066e-03
2.545020077377557755e-03
2.536218380555510521e-03
2.528187120333313942e-03
2.520923037081956863e-03
2.514416817575693130e-03
2.508638892322778702e-03
2.503560623154044151e-03
2.499189926311373711e-03
2.495686756446957588e-03
2.493481151759624481e-03
2.493443898856639862e-03
2.496751025319099426e-03
2.504048403352499008e-03
2.514744410291314125e-03
2.529799472540616989e-03
2.548981457948684692e-03
2.559610176831483841e-03
2.564208116382360458e-03
2.589991083368659019e-03
2.614764496684074402e-03
2.640550024807453156e-03
2.651820192113518715e-03
2.521001733839511871e-03
2.429962158203125000e-03
2.388623775914311409e-03
2.369664143770933151e-03
2.360623329877853394e-03
2.350228372961282730e-03
2.336024772375822067e-03
2.322219777852296829e-03
2.312638796865940094e-03
2.308768918737769127e-03
2.311706077307462692e-03
2.320928033441305161e-03
2.335597062483429909e-03
2.348410664126276970e-03
2.362495055422186852e-03
2.354205818846821785e-03
2.356125740334391594e-03
2.370568923652172089e-03
2.389057539403438568e-03
2.352098003029823303e-03
2.382557373493909836e-03
2.368547953665256500e-03
2.325096400454640388e-03
2.298199106007814407e-03
2.327996771782636642e-03
2.483699703589081764e-03
2.209080150350928307e-03
2.242128830403089523e-03
2.259408123791217804e-03
2.264920854941010475e-03
2.444259822368621826e-03
2.245770767331123352e-03
2.212155843153595924e-03
2.218175213783979416e-03
2.209375146776437759e-03
2.226648852229118347e-03
2.193482592701911926e-03
2.203397685661911964e-03
2.177321119233965874e-03
2.178337890654802322e-03
2.138068899512290955e-03
2.204961376264691353e-03
2.097948919981718063e-03
2.170124789699912071e-03
2.230981132015585899e-03
2.115355571731925011e-03
2.221592236310243607e-03
2.147212158888578415e-03
2.479548333212733269e-03
2.110357861965894699e-03
2.315342426300048828e-03
2.436547540128231049e-03
2.356841927394270897e-03
2.438497031107544899e-03
2.509682672098278999e-03
2.285037888213992119e-03
2.220666734501719475e-03
2.401901176199316978e-03
2.291768090799450874e-03
2.202046569436788559e-03
2.082739258185029030e-03
2.130099572241306305e-03
2.165294717997312546e-03
2.059071790426969528e-03
2.419259632006287575e-03
2.158456714823842049e-03
2.121889265254139900e-03
2.097949618473649025e-03
1.993447542190551758e-03
1.932670245878398418e-03
2.082978608086705208e-03
1.991606084629893303e-03
2.074433490633964539e-03
1.997179118916392326e-03
1.993903890252113342e-03
2.050701528787612915e-03
1.996094826608896255e-03
2.013971097767353058e-03
1.986283808946609497e-03
1.979764783754944801e-03
1.971689052879810333e-03
1.958378124982118607e-03
1.954972743988037109e-03
1.946431817486882210e-03
1.938872737810015678e-03
1.933029270730912685e-03
1.928116893395781517e-03
1.922055147588253021e-03
1.916682813316583633e-03
1.912206644192337990e-03
1.909132814034819603e-03
1.906919176690280437e-03
1.905333600006997585e-03
1.904591103084385395e-03
1.904646051116287708e-03
1.904838019981980324e-03
1.904805540107190609e-03
1.904516015201807022e-03
1.904209377244114876e-03
1.904108794406056404e-03
1.904712524265050888e-03
1.907233963720500469e-03
1.919246395118534565e-03
1.955769956111907959e-03
2.709139604121446609e-03
2.418355783447623253e-03
2.955960575491189957e-03
2.455102279782295227e-03
2.108925953507423401e-03
2.129188273102045059e-03
2.083176048472523689e-03
2.142099896445870399e-03
2.171459607779979706e-03
2.268376294523477554e-03
2.234414918348193169e-03
2.119030104950070381e-03
2.096321666613221169e-03
2.006426220759749413e-03
2.119293436408042908e-03
2.475665416568517685e-03
2.056334633380174637e-03
2.068291883915662766e-03
2.101066056638956070e-03
1.946474425494670868e-03
2.013405552133917809e-03
1.964936032891273499e-03
1.926899771206080914e-03
1.862265635281801224e-03
1.826386665925383568e-03
1.827632542699575424e-03
1.829101238399744034e-03
1.813711598515510559e-03
1.841169549152255058e-03
1.812698435969650745e-03
1.834384049288928509e-03
1.936819055117666721e-03
1.931847073137760162e-03
1.822701888158917427e-03
1.931718084961175919e-03
1.932454644702374935e-03
2.026406349614262581e-03
1.887541846372187138e-03
1.819072524085640907e-03
1.844133716076612473e-03
2.163258846849203110e-03
2.635493874549865723e-03
2.216057851910591125e-03
1.943272072821855545e-03
1.830803463235497475e-03
1.923650270327925682e-03
1.820339588448405266e-03
1.817557960748672485e-03
1.778428326360881329e-03
1.791473594494163990e-03
1.822051475755870342e-03
1.818489865399897099e-03
1.906943391077220440e-03
1.879863557405769825e-03
1.918551279231905937e-03
1.956015359610319138e-03
1.977849751710891724e-03
2.096632495522499084e-03
1.879639457911252975e-03
1.888693310320377350e-03
2.034301636740565300e-03
2.507569268345832825e-03
2.239444293081760406e-03
2.027357928454875946e-03
2.123233396559953690e-03
2.744981553405523300e-03
2.100947313010692596e-03
2.086664550006389618e-03
1.866240054368972778e-03
1.912527251988649368e-03
1.904195873066782951e-03
1.892038271762430668e-03
1.921712770126760006e-03
1.887393649667501450e-03
1.918812282383441925e-03
1.915692118927836418e-03
1.920948619954288006e-03
1.941834809258580208e-03
1.935340464115142822e-03
1.941373106092214584e-03
1.933409832417964935e-03
1.976761035621166229e-03
1.928678946569561958e-03
1.989424694329500198e-03
1.962017500773072243e-03
2.007137285545468330e-03
1.893843873403966427e-03
1.927639474160969257e-03
1.976885367184877396e-03
2.022861503064632416e-03
1.908336533233523369e-03
1.945156720466911793e-03
1.922510564327239990e-03
1.950407866388559341e-03
1.888019382022321224e-03
1.946025993674993515e-03
1.875421847216784954e-03
1.916765584610402584e-03
1.877912320196628571e-03
1.890278887003660202e-03
1.929731573909521103e-03
1.871777116321027279e-03
2.002153312787413597e-03
1.899533090181648731e-03
1.984270056709647179e-03
1.867172075435519218e-03
1.985922921448945999e-03
1.991365337744355202e-03
2.033767057582736015e-03
2.147641498595476151e-03
1.797236735001206398e-03
1.904348609969019890e-03
1.831353642046451569e-03
1.878342241980135441e-03
1.855445560067892075e-03
1.876318594440817833e-03
1.929817488417029381e-03
1.866457751020789146e-03
1.853463356383144855e-03
1.829163404181599617e-03
1.861312077380716801e-03
2.200591843575239182e-03
2.990963868796825409e-03
2.587385242804884911e-03
2.192521700635552406e-03
1.935153035447001457e-03
1.925741555169224739e-03
1.848751329816877842e-03
1.836973940953612328e-03
1.845932682044804096e-03
1.821191632188856602e-03
1.814732444472610950e-03
1.803682884201407433e-03
1.795150572434067726e-03
1.784375635907053947e-03
1.779252779670059681e-03
1.772844814695417881e-03
1.773831783793866634e-03
1.771545386873185635e-03
1.784634892828762531e-03
1.762348576448857784e-03
1.857458730228245258e-03
2.523199655115604401e-03
1.933260355144739151e-03
1.863374374806880951e-03
2.036669291555881500e-03
1.870575826615095139e-03
1.816358650103211403e-03
1.852255081757903099e-03
1.783263869583606720e-03
1.760882558301091194e-03
1.729163806885480881e-03
1.743695233017206192e-03
1.700732973404228687e-03
1.780322403647005558e-03
1.754319411702454090e-03
1.669711899012327194e-03
1.729575218632817268e-03
1.683766837231814861e-03
1.743051456287503242e-03
1.629083766601979733e-03
1.749583985656499863e-03
1.627049990929663181e-03
1.825161743909120560e-03
1.663693459704518318e-03
1.730325515381991863e-03
1.762731466442346573e-03
1.879214774817228317e-03
1.814827555790543556e-03
3.548670792952179909e-03
2.403786871582269669e-03
2.144576283171772957e-03
2.283717039972543716e-03
1.904194941744208336e-03
1.822567777708172798e-03
1.829316606745123863e-03
1.868037157692015171e-03
1.856613554991781712e-03
2.063328167423605919e-03
1.880802446976304054e-03
1.885328907519578934e-03
1.858463510870933533e-03
1.849994063377380371e-03
1.857232651673257351e-03
1.873205997981131077e-03
1.880943891592323780e-03
1.814245479181408882e-03
1.867281738668680191e-03
1.862082397565245628e-03
1.946764416061341763e-03
1.926715369336307049e-03
1.953279366716742516e-03
2.103273523971438408e-03
2.061469247564673424e-03
2.510929247364401817e-03
2.264881506562232971e-03
2.121320227161049843e-03
2.152122324332594872e-03
1.719914376735687256e-03
1.792977564036846161e-03
1.773906406015157700e-03
1.811064197681844234e-03
1.819733879528939724e-03
1.846601720899343491e-03
1.857162802480161190e-03
1.853794325143098831e-03
1.854444155469536781e-03
1.867065089754760265e-03
1.876061083748936653e-03
1.898322836495935917e-03
1.923431642353534698e-03
1.921105431392788887e-03
1.962625421583652496e-03
1.958925742655992508e-03
1.969899283722043037e-03
1.927440986037254333e-03
1.985737821087241173e-03
1.973083009943366051e-03
2.018070081248879433e-03
1.946163713000714779e-03
1.757630612701177597e-03
2.311469987034797668e-03
2.097747288644313812e-03
2.155840396881103516e-03
2.026497153565287590e-03
1.963560935109853745e-03
1.902567688375711441e-03
1.812148489989340305e-03
1.729678129777312279e-03
1.700041815638542175e-03
1.678410335443913937e-03
1.656523207202553749e-03
1.654609106481075287e-03
1.666962401941418648e-03
1.680158777162432671e-03
1.711400458589196205e-03
1.742885448038578033e-03
1.769912661984562874e-03
1.761163817718625069e-03
1.854364178143441677e-03
1.898416667245328426e-03
1.833879621699452400e-03
1.872755587100982666e-03
1.864442951045930386e-03
1.896985922940075397e-03
1.985662383958697319e-03
1.831852714531123638e-03
1.853611203841865063e-03
2.110632602125406265e-03
1.643615541979670525e-03
1.605957862921059132e-03
1.575834932737052441e-03
1.611833227798342705e-03
1.783594605512917042e-03
1.693390891887247562e-03
1.736003556288778782e-03
1.700326567515730858e-03
1.678920467384159565e-03
1.706867362372577190e-03
1.615580753423273563e-03
1.651099999435245991e-03
1.628165831789374352e-03
1.759603735990822315e-03
1.631726045161485672e-03
2.216698369011282921e-03
1.730844727717339993e-03
1.622828887775540352e-03
1.824225182645022869e-03
2.078709425404667854e-03
1.932947197929024696e-03
1.724599511362612247e-03
1.582105876877903938e-03
1.593568944372236729e-03
1.553441165015101433e-03
1.600699964910745621e-03
1.628697384148836136e-03
1.641890848986804485e-03
1.639341469854116440e-03
1.617779955267906189e-03
1.605406403541564941e-03
1.584731508046388626e-03
1.589364139363169670e-03
1.617154804989695549e-03
1.611214829608798027e-03
1.668051467277109623e-03
1.633557491004467010e-03
1.935016945935785770e-03
1.627180026844143867e-03
1.921070273965597153e-03
1.667927717790007591e-03
1.844946877099573612e-03
1.784039661288261414e-03
1.887387479655444622e-03
1.671159872785210609e-03
1.696586026810109615e-03
1.756173325702548027e-03
1.705699833109974861e-03
1.670041820034384727e-03
1.670863246545195580e-03
1.758994301781058311e-03
1.744743087328970432e-03
1.807044958695769310e-03
1.669486518949270248e-03
1.689597498625516891e-03
1.588317914865911007e-03
1.612870255485177040e-03
1.991647994145750999e-03
1.691538142040371895e-03
1.662786002270877361e-03
1.855085021816194057e-03
1.852910616435110569e-03
1.865924452431499958e-03
1.859878771938383579e-03
1.738704508170485497e-03
1.935974578373134136e-03
1.781663624569773674e-03
1.540244091302156448e-03
1.422081608325242996e-03
1.541158533655107021e-03
1.547550782561302185e-03
1.708202180452644825e-03
1.628838013857603073e-03
1.708834548480808735e-03
1.635457156226038933e-03
1.687116338871419430e-03
1.749599934555590153e-03
2.023794921115040779e-03
1.913362531922757626e-03
2.003906760364770889e-03
2.007148228585720062e-03
2.180960495024919510e-03
1.765991211868822575e-03
1.904834411107003689e-03
2.253894228488206863e-03
2.019965555518865585e-03
1.865360070951282978e-03
1.682436792179942131e-03
1.712033059448003769e-03
1.894760644063353539e-03
1.973815495148301125e-03
2.020514570176601410e-03
2.132609486579895020e-03
2.073877258226275444e-03
2.107800217345356941e-03
1.810294575989246368e-03
1.968880183994770050e-03
1.781233120709657669e-03
2.224256983026862144e-03
2.324275905266404152e-03
2.222480252385139465e-03
2.485127886757254601e-03
2.731441287323832512e-03
3.130745841190218925e-03
3.258726792410016060e-03
2.724060555920004845e-03
2.398907672613859177e-03
2.114616334438323975e-03
2.012045821174979210e-03
1.784121035598218441e-03
1.690926612354815006e-03
1.616469700820744038e-03
1.477753743529319763e-03
1.466152491047978401e-03
1.512786140665411949e-03
1.320579671300947666e-03
1.372510800138115883e-03
1.402551890350878239e-03
1.360015710815787315e-03
1.422837958671152592e-03
1.327036297880113125e-03
1.306184916757047176e-03
1.336132059805095196e-03
1.359980087727308273e-03
1.393621787428855896e-03
1.298354822210967541e-03
1.340585411526262760e-03
1.385784009471535683e-03
1.440919819287955761e-03
1.380417845211923122e-03
1.334671629592776299e-03
1.348081394098699093e-03
1.295852707698941231e-03
1.264855032786726952e-03
1.303779776208102703e-03
1.323077245615422726e-03
1.361470320262014866e-03
1.306902500800788403e-03
1.398292020894587040e-03
1.391244237311184406e-03
1.444516354240477085e-03
1.437538070604205132e-03
1.463100081309676170e-03
1.455378835089504719e-03
1.474102842621505260e-03
1.454948564060032368e-03
1.352661522105336189e-03
1.459343358874320984e-03
1.385080278851091862e-03
1.397261978127062321e-03
1.540986471809446812e-03
1.277459901757538319e-03
1.316664973273873329e-03
1.636565430089831352e-03
1.465379260480403900e-03
1.445821253582835197e-03
1.487338333390653133e-03
1.422210596501827240e-03
1.401819754391908646e-03
1.407517469488084316e-03
1.543567981570959091e-03
1.453568576835095882e-03
1.630876213312149048e-03
1.642813673242926598e-03
1.539456541649997234e-03
1.461701700463891029e-03
1.496653771027922630e-03
1.842868048697710037e-03
1.487970352172851562e-03
1.968086231499910355e-03
1.689624390564858913e-03
1.607368467375636101e-03
1.479245373047888279e-03
1.371309859678149223e-03
1.361029921099543571e-03
1.345251919701695442e-03
1.367259537801146507e-03
1.499456702731549740e-03
1.604613033123314381e-03
1.363380812108516693e-03
1.497966703027486801e-03
1.353834639303386211e-03
1.499473117291927338e-03
1.414449419826269150e-03
1.469879061914980412e-03
1.368903438560664654e-03
1.308768521994352341e-03
1.598061528056859970e-03
2.264954615384340286e-03
1.766497734934091568e-03
1.646651886403560638e-03
1.650610356591641903e-03
1.508106244727969170e-03
1.491229282692074776e-03
1.467149471864104271e-03
1.408444484695792198e-03
1.405713497661054134e-03
1.365065691061317921e-03
1.418323954567313194e-03
1.356280641630291939e-03
1.394669758155941963e-03
1.434533041901886463e-03
1.376252737827599049e-03
1.624781521968543530e-03
1.435065641999244690e-03
1.457434729672968388e-03
1.472799805924296379e-03
1.455013756640255451e-03
1.472451724112033844e-03
1.624637749046087265e-03
1.464777626097202301e-03
1.490615075454115868e-03
1.362551469355821609e-03
1.513763098046183586e-03
1.425980008207261562e-03
1.471803523600101471e-03
1.505242544226348400e-03
1.538104494102299213e-03
1.490211929194629192e-03
1.478535821661353111e-03
1.498566707596182823e-03
1.365001546218991280e-03
1.496223849244415760e-03
1.547133200801908970e-03
1.354784588329493999e-03
1.594740664586424828e-03
1.341804396361112595e-03
1.319797360338270664e-03
1.239412813447415829e-03
1.516706077381968498e-03
1.549978740513324738e-03
1.402563531883060932e-03
1.462083542719483376e-03
1.472688745707273483e-03
1.259360695257782936e-03
1.433771569281816483e-03
1.369995763525366783e-03
1.271509798243641853e-03
1.206563087180256844e-03
1.496322453022003174e-03
1.343841664493083954e-03
1.302761957049369812e-03
1.328823389485478401e-03
1.257249736227095127e-03
1.365596195682883263e-03
1.276676426641643047e-03
1.413571997545659542e-03
1.248199958354234695e-03
1.397251035086810589e-03
1.205497188493609428e-03
1.380384317599236965e-03
1.389645389281213284e-03
1.211550319567322731e-03
1.177298487164080143e-03
1.144771231338381767e-03
1.257141935639083385e-03
1.486538210883736610e-03
1.233638729900121689e-03
1.443947432562708855e-03
1.328273443505167961e-03
1.464629080146551132e-03
1.385192037560045719e-03
1.245312043465673923e-03
1.269647385925054550e-03
1.135481521487236023e-03
1.151419011875987053e-03
1.132298843003809452e-03
1.138993073254823685e-03
1.223816303536295891e-03
1.847472973167896271e-03
2.951246220618486404e-03
1.995286904275417328e-03
1.845196704380214214e-03
1.533758477307856083e-03
1.368591329082846642e-03
1.400690875016152859e-03
1.288894331082701683e-03
1.256736577488481998e-03
1.255000825040042400e-03
1.224384643137454987e-03
1.303582452237606049e-03
1.292863744311034679e-03
1.327329315245151520e-03
1.148817362263798714e-03
1.232563517987728119e-03
1.356971566565334797e-03
1.192282419651746750e-03
1.289840205572545528e-03
1.184546505101025105e-03
1.307601458393037319e-03
1.268429914489388466e-03
1.288225175812840462e-03
1.290315296500921249e-03
1.188567606732249260e-03
1.200702390633523464e-03
1.188013702630996704e-03
1.157145365141332150e-03
1.251862850040197372e-03
1.282398705370724201e-03
1.157699502073228359e-03
1.212470466271042824e-03
1.141875633038580418e-03
1.142273074947297573e-03
1.159790088422596455e-03
1.240411191247403622e-03
1.302615040913224220e-03
1.250430243089795113e-03
1.239012810401618481e-03
1.181354047730565071e-03
1.183111453428864479e-03
1.161898369900882244e-03
1.280724187381565571e-03
1.211695140227675438e-03
1.162216416560113430e-03
1.091634854674339294e-03
1.191315939649939537e-03
1.229143701493740082e-03
1.300505129620432854e-03
1.212395494803786278e-03
1.324522076174616814e-03
1.234465977177023888e-03
1.152100740000605583e-03
1.161301857791841030e-03
1.200418570078909397e-03
1.287113875150680542e-03
1.234023948200047016e-03
1.245495979674160480e-03
1.201158156618475914e-03
1.249156543053686619e-03
1.170418225228786469e-03
1.294307061471045017e-03
1.258908072486519814e-03
1.298432704061269760e-03
1.304566278122365475e-03
1.445379573851823807e-03
1.412058249115943909e-03
1.395266386680305004e-03
1.290576066821813583e-03
1.352205523289740086e-03
1.382230315357446671e-03
1.315440516918897629e-03
1.423110254108905792e-03
1.463018124923110008e-03
1.289990846998989582e-03
1.568892621435225010e-03
1.511558308266103268e-03
1.274664653465151787e-03
1.155520672909915447e-03
1.190892187878489494e-03
1.213951734825968742e-03
1.255104551091790199e-03
1.222090329974889755e-03
1.292127766646444798e-03
1.240432844497263432e-03
1.281618024222552776e-03
1.319842296652495861e-03
1.339110545814037323e-03
1.225007115863263607e-03
1.541899750009179115e-03
1.488767098635435104e-03
1.412449637427926064e-03
1.262189703993499279e-03
1.190141309052705765e-03
1.289329724386334419e-03
1.270824694074690342e-03
1.163727371022105217e-03
1.144413487054407597e-03
1.191252376884222031e-03
1.193789532408118248e-03
1.333548221737146378e-03
1.115232589654624462e-03
1.217985060065984726e-03
1.372069353237748146e-03
1.215615309774875641e-03
1.251231529749929905e-03
1.135344733484089375e-03
1.239797682501375675e-03
1.216105534695088863e-03
1.169139752164483070e-03
1.263444777578115463e-03
1.321381889283657074e-03
1.245504827238619328e-03
1.256611663848161697e-03
1.352299237623810768e-03
1.419883687049150467e-03
1.206985791213810444e-03
1.302304444834589958e-03
1.425836351700127125e-03
1.313661807216703892e-03
1.261148136109113693e-03
1.350996550172567368e-03
1.258991309441626072e-03
1.212823437526822090e-03
1.257292926311492920e-03
1.709864474833011627e-03
1.874304376542568207e-03
1.224379404447972775e-03
1.174813602119684219e-03
1.203779946081340313e-03
1.179463812150061131e-03
1.167381764389574528e-03
1.192977884784340858e-03
1.203426509164273739e-03
1.180113758891820908e-03
1.128727104514837265e-03
1.225537271238863468e-03
1.101704430766403675e-03
1.052527222782373428e-03
1.138544757850468159e-03
1.259135780856013298e-03
1.194361830130219460e-03
1.128125120885670185e-03
1.330495346337556839e-03
1.215575961396098137e-03
1.125372829847037792e-03
1.049955142661929131e-03
1.163895823992788792e-03
1.188609399832785130e-03
1.162726781331002712e-03
1.244070706889033318e-03
1.228611799888312817e-03
1.167175476439297199e-03
1.226258347742259502e-03
1.206168904900550842e-03
1.248333253897726536e-03
1.144444337114691734e-03
1.163595588877797127e-03
1.249074586667120457e-03
1.196444267407059669e-03
1.340585993602871895e-03
1.220863312482833862e-03
1.225393498316407204e-03
1.211522379890084267e-03
1.217367593199014664e-03
1.198070356622338295e-03
1.178838312625885010e-03
1.184159424155950546e-03
1.137140439823269844e-03
1.190742361359298229e-03
1.117688720114529133e-03
1.108183292672038078e-03
1.201097853481769562e-03
1.317148213274776936e-03
1.393261598423123360e-03
1.363555435091257095e-03
1.837271382100880146e-03
1.349301659502089024e-03
1.250437228009104729e-03
1.098366454243659973e-03
1.121179899200797081e-03
1.128412783145904541e-03
1.109094708226621151e-03
1.219310681335628033e-03
1.165082096122205257e-03
1.175664016045629978e-03
1.261459314264357090e-03
1.328638987615704536e-03
1.293693319894373417e-03
1.200425089336931705e-03
1.148600364103913307e-03
1.274004578590393066e-03
1.103133661672472954e-03
1.055443426594138145e-03
1.181851839646697044e-03
1.105537754483520985e-03
1.108061987906694412e-03
1.168104587122797966e-03
1.229466171935200691e-03
1.232839422300457954e-03
1.221450278535485268e-03
1.279347692616283894e-03
1.280188793316483498e-03
1.085764262825250626e-03
1.311851199716329575e-03
1.128671108745038509e-03
1.246902276761829853e-03
1.307346974499523640e-03
1.354666077531874180e-03
1.155170844867825508e-03
1.206669956445693970e-03
1.130532938987016678e-03
1.119847293011844158e-03
1.183038461022078991e-03
1.244429964572191238e-03
1.149587915278971195e-03
1.165503868833184242e-03
1.200942555442452431e-03
1.157975755631923676e-03
1.183839747682213783e-03
1.252610352821648121e-03
1.212339033372700214e-03
1.181287458166480064e-03
1.135101658292114735e-03
1.173643860965967178e-03
1.031820429489016533e-03
1.134109217673540115e-03
1.125340000726282597e-03
1.122476882301270962e-03
1.370964222587645054e-03
1.143347239121794701e-03
1.115147490054368973e-03
1.061966875568032265e-03
1.157105900347232819e-03
1.173536293208599091e-03
1.141621731221675873e-03
1.182077685371041298e-03
1.142062246799468994e-03
1.228514243848621845e-03
1.187242567539215088e-03
1.218830700963735580e-03
1.161145744845271111e-03
1.087912824004888535e-03
1.073323423042893410e-03
1.165654859505593777e-03
1.205515000037848949e-03
1.263888669200241566e-03
1.082618022337555885e-03
1.112467725761234760e-03
1.168890390545129776e-03
1.196097698993980885e-03
1.184778986498713493e-03
1.171694719232618809e-03
1.251547248102724552e-03
1.250946545042097569e-03
1.060290029272437096e-03
1.215848489664494991e-03
1.107030664570629597e-03
1.148087088949978352e-03
1.211710623465478420e-03
1.219790196046233177e-03
1.196580938994884491e-03
1.562859513796865940e-03
1.411446835845708847e-03
1.383939757943153381e-03
1.878234092146158218e-03
1.547908410429954529e-03
1.353316241875290871e-03
1.226443797349929810e-03
