5.656375885009765625e-01
2.365652620792388916e-01
1.279478371143341064e-01
1.122526228427886963e-01
6.757688522338867188e-02
7.331031560897827148e-02
6.691843271255493164e-02
2.063747644424438477e-01
7.633833289146423340e-01
9.293810129165649414e-01
8.866343498229980469e-01
7.960151433944702148e-01
4.711328148841857910e-01
2.251729071140289307e-01
1.384702324867248535e-01
1.231712400913238525e-01
8.699429035186767578e-02
5.459511280059814453e-02
7.551777362823486328e-02
2.472628355026245117e-01
7.840523719787597656e-01
9.625080823898315430e-01
9.428526163101196289e-01
9.139976501464843750e-01
5.795888304710388184e-01
2.640681862831115723e-01
1.968960762023925781e-01
1.580190658569335938e-01
1.771467030048370361e-01
1.013225615024566650e-01
9.226661920547485352e-02
2.340160608291625977e-01
7.622405290603637695e-01
9.598760604858398438e-01
9.041481614112854004e-01
8.600009679794311523e-01
4.803533256053924561e-01
1.880003809928894043e-01
1.344338953495025635e-01
1.235919892787933350e-01
9.457218647003173828e-02
9.346812963485717773e-02
8.271670341491699219e-02
1.919016540050506592e-01
4.471337795257568359e-02
7.412087917327880859e-02
7.110017538070678711e-02
5.284357070922851562e-02
5.077445507049560547e-02
5.506980419158935547e-02
7.045090198516845703e-02
4.917269945144653320e-02
3.228306770324707031e-02
3.998607397079467773e-02
4.101502895355224609e-02
2.989464998245239258e-02
3.114956617355346680e-02
3.208529949188232422e-02
6.552767753601074219e-02
4.275447130203247070e-02
5.073821544647216797e-02
5.364620685577392578e-02
5.625510215759277344e-02
5.522346496582031250e-02
3.433275222778320312e-02
5.085676908493041992e-02
1.055739223957061768e-01
1.212739646434783936e-01
6.969614624977111816e-01
9.771093130111694336e-01
9.457005262374877930e-01
8.995918035507202148e-01
5.947268009185791016e-01
2.245198488235473633e-01
1.608486473560333252e-01
1.072380244731903076e-01
9.256917238235473633e-02
9.541928768157958984e-02
1.175071895122528076e-01
2.719427049160003662e-01
8.007919788360595703e-01
9.869316816329956055e-01
9.211722612380981445e-01
8.266698122024536133e-01
5.234082341194152832e-01
2.060701251029968262e-01
1.414024531841278076e-01
1.417452692985534668e-01
1.012420952320098877e-01
6.845444440841674805e-02
7.045859098434448242e-02
1.100572645664215088e-01
7.787495851516723633e-01
9.553238749504089355e-01
9.438988566398620605e-01
8.318675756454467773e-01
5.117850303649902344e-01
2.397725284099578857e-01
1.827513575553894043e-01
1.590481996536254883e-01
1.501142680644989014e-01
1.466654539108276367e-01
1.190458834171295166e-01
2.225523889064788818e-01
7.835984230041503906e-01
9.675192236900329590e-01
9.620796442031860352e-01
8.600876331329345703e-01
5.617614984512329102e-01
2.266179323196411133e-01
1.506767868995666504e-01
1.603348851203918457e-01
1.106481850147247314e-01
9.693825244903564453e-02
9.734645485877990723e-02
2.920010983943939209e-01
8.028241395950317383e-01
9.790688753128051758e-01
9.635723829269409180e-01
9.114359617233276367e-01
5.338329672813415527e-01
1.925883889198303223e-01
1.800742745399475098e-01
1.143386065959930420e-01
1.184293031692504883e-01
8.044707775115966797e-02
7.584470510482788086e-02
1.612462997436523438e-01
7.084280252456665039e-02
1.119344532489776611e-01
9.935736656188964844e-02
6.936484575271606445e-02
1.016034781932830811e-01
9.089374542236328125e-02
7.296890020370483398e-02
4.393929243087768555e-02
2.885138988494873047e-02
2.712392807006835938e-02
2.631407976150512695e-02
2.221745252609252930e-02
4.479950666427612305e-02
4.298025369644165039e-02
3.912395238876342773e-02
7.157939672470092773e-02
6.578582525253295898e-02
6.409841775894165039e-02
5.886489152908325195e-02
4.259938001632690430e-02
3.559988737106323242e-02
8.185815811157226562e-02
1.016943752765655518e-01
1.269233822822570801e-01
7.071096301078796387e-01
9.599848985671997070e-01
9.603778123855590820e-01
9.068512916564941406e-01
6.117031574249267578e-01
2.688413858413696289e-01
2.169106304645538330e-01
2.035326659679412842e-01
1.981403529644012451e-01
1.593878865242004395e-01
1.358722746372222900e-01
3.138475418090820312e-01
8.049471378326416016e-01
9.869079589843750000e-01
8.685107231140136719e-01
7.709627151489257812e-01
5.383139848709106445e-01
2.564620077610015869e-01
1.343872845172882080e-01
1.442434489727020264e-01
8.326536417007446289e-02
8.055102825164794922e-02
9.092193841934204102e-02
2.015137672424316406e-01
7.806767225265502930e-01
9.576542377471923828e-01
9.413928985595703125e-01
8.380267620086669922e-01
5.200781226158142090e-01
2.574714422225952148e-01
1.627130806446075439e-01
1.479223966598510742e-01
1.362828016281127930e-01
1.430094242095947266e-01
1.234447658061981201e-01
2.345885634422302246e-01
7.727652788162231445e-01
9.309298992156982422e-01
9.334932565689086914e-01
8.605004549026489258e-01
5.544168949127197266e-01
2.312764823436737061e-01
1.575936079025268555e-01
1.353218257427215576e-01
8.454823493957519531e-02
9.558302164077758789e-02
1.000758409500122070e-01
2.725029885768890381e-01
7.838142514228820801e-01
9.751226902008056641e-01
9.243215322494506836e-01
8.317185640335083008e-01
4.771923720836639404e-01
1.813153326511383057e-01
1.337781250476837158e-01
1.192416250705718994e-01
1.042380332946777344e-01
9.735533595085144043e-02
6.578159332275390625e-02
4.619413614273071289e-02
2.613848447799682617e-02
1.022406220436096191e-01
9.932115674018859863e-02
6.883126497268676758e-02
8.885532617568969727e-02
7.394617795944213867e-02
6.425160169601440430e-02
5.078750848770141602e-02
5.076265335083007812e-02
3.475981950759887695e-02
2.497923374176025391e-02
2.336871623992919922e-02
5.078518390655517578e-02
5.076444149017333984e-02
4.915761947631835938e-02
4.330432415008544922e-02
6.388491392135620117e-02
9.047919511795043945e-02
1.168052554130554199e-01
8.587920665740966797e-02
3.197979927062988281e-02
4.465305805206298828e-02
6.899279356002807617e-02
1.093157827854156494e-01
7.258248925209045410e-01
9.715634584426879883e-01
9.367406368255615234e-01
8.622083067893981934e-01
5.761451125144958496e-01
2.498877346515655518e-01
1.975013613700866699e-01
1.862936019897460938e-01
1.595190167427062988e-01
1.414113938808441162e-01
1.114023327827453613e-01
2.988502383232116699e-01
7.912579774856567383e-01
9.512614607810974121e-01
8.999400734901428223e-01
8.547121882438659668e-01
5.659281015396118164e-01
2.088562250137329102e-01
1.609888970851898193e-01
1.580855846405029297e-01
1.245863139629364014e-01
1.224848628044128418e-01
1.079524457454681396e-01
2.486818134784698486e-01
8.051890730857849121e-01
9.559604525566101074e-01
9.674077033996582031e-01
8.746404647827148438e-01
5.644052028656005859e-01
2.699432075023651123e-01
1.792094409465789795e-01
1.658973991870880127e-01
1.331406235694885254e-01
1.403810679912567139e-01
1.596405506134033203e-01
2.995907366275787354e-01
7.661047577857971191e-01
9.680356383323669434e-01
9.734731316566467285e-01
9.190100431442260742e-01
5.739843845367431641e-01
2.371337115764617920e-01
1.564738452434539795e-01
1.581698060035705566e-01
1.569274365901947021e-01
6.986337900161743164e-02
7.813161611557006836e-02
2.637531459331512451e-01
7.517694234848022461e-01
9.537050724029541016e-01
8.799660205841064453e-01
7.838506698608398438e-01
4.659335613250732422e-01
1.450854241847991943e-01
1.103637218475341797e-01
9.473717212677001953e-02
8.548605442047119141e-02
6.451964378356933594e-02
4.734319448471069336e-02
6.850129365921020508e-02
6.701123714447021484e-02
8.135253190994262695e-02
6.728923320770263672e-02
5.227565765380859375e-02
6.153076887130737305e-02
4.783266782760620117e-02
6.330841779708862305e-02
6.211572885513305664e-02
5.006027221679687500e-02
3.449511528015136719e-02
3.271716833114624023e-02
2.821421623229980469e-02
3.277355432510375977e-02
3.944021463394165039e-02
3.335094451904296875e-02
2.826303243637084961e-02
4.484623670578002930e-02
4.117399454116821289e-02
2.286863327026367188e-02
6.705820560455322266e-03
4.882454872131347656e-03
-2.080142498016357422e-03
8.935153484344482422e-03
1.698535680770874023e-02
6.395194530487060547e-01
9.043552875518798828e-01
8.550189733505249023e-01
8.277895450592041016e-01
5.564078688621520996e-01
2.406580448150634766e-01
1.572544276714324951e-01
1.287234723567962646e-01
1.302751004695892334e-01
1.223004758358001709e-01
1.352974772453308105e-01
3.158689141273498535e-01
8.088522553443908691e-01
1.006771445274353027e+00
9.773191809654235840e-01
8.902860879898071289e-01
6.472986936569213867e-01
3.028403818607330322e-01
1.629621088504791260e-01
1.256719827651977539e-01
1.431112587451934814e-01
1.410607397556304932e-01
1.228407621383666992e-01
2.983512878417968750e-01
7.670120000839233398e-01
9.418945312500000000e-01
9.439061284065246582e-01
8.578217029571533203e-01
5.321359038352966309e-01
2.141366302967071533e-01
1.460545957088470459e-01
1.614603698253631592e-01
1.336482763290405273e-01
1.287655234336853027e-01
1.348393559455871582e-01
2.938448190689086914e-01
7.507033348083496094e-01
9.617867469787597656e-01
9.661035537719726562e-01
9.123557806015014648e-01
5.533007979393005371e-01
2.712730467319488525e-01
1.627828180789947510e-01
1.694536805152893066e-01
1.524699926376342773e-01
1.372830569744110107e-01
1.495665311813354492e-01
3.053672015666961670e-01
7.480582594871520996e-01
8.553800582885742188e-01
8.948468565940856934e-01
8.080685138702392578e-01
4.778552055358886719e-01
1.935203969478607178e-01
1.623592674732208252e-01
1.138042807579040527e-01
1.187526285648345947e-01
1.184628903865814209e-01
1.074446439743041992e-01
1.136029064655303955e-01
8.881658315658569336e-02
8.635324239730834961e-02
5.706781148910522461e-02
3.695505857467651367e-02
5.480980873107910156e-02
6.781375408172607422e-02
7.287472486495971680e-02
4.747635126113891602e-02
4.214727878570556641e-02
4.045110940933227539e-02
3.935885429382324219e-02
2.774220705032348633e-02
5.978530645370483398e-02
5.558317899703979492e-02
6.033831834793090820e-02
4.703497886657714844e-02
5.529636144638061523e-02
5.393218994140625000e-02
8.092904090881347656e-02
6.751728057861328125e-02
7.079255580902099609e-02
5.519074201583862305e-02
1.660692691802978516e-02
3.624147176742553711e-02
7.308908104896545410e-01
8.435959815979003906e-01
8.404232263565063477e-01
7.840189933776855469e-01
5.107629299163818359e-01
2.831395566463470459e-01
2.121993303298950195e-01
1.748732328414916992e-01
1.610003113746643066e-01
1.545537412166595459e-01
1.452577412128448486e-01
3.058043122291564941e-01
8.073401451110839844e-01
8.436524868011474609e-01
8.293482661247253418e-01
7.264389991760253906e-01
5.510767102241516113e-01
2.164105176925659180e-01
1.543646752834320068e-01
9.225207567214965820e-02
1.444160342216491699e-01
1.160875260829925537e-01
8.464843034744262695e-02
1.660517752170562744e-01
7.650051116943359375e-01
8.968309164047241211e-01
9.126458168029785156e-01
8.179247379302978516e-01
5.440765023231506348e-01
2.261480689048767090e-01
1.822888851165771484e-01
1.540519297122955322e-01
1.275209188461303711e-01
1.230504512786865234e-01
1.016676723957061768e-01
2.437267303466796875e-01
7.693117856979370117e-01
9.274512529373168945e-01
9.131407737731933594e-01
8.961216211318969727e-01
5.145757198333740234e-01
1.867828369140625000e-01
1.888149976730346680e-01
1.471571326255798340e-01
1.202561855316162109e-01
1.273616254329681396e-01
1.054370701313018799e-01
2.455369830131530762e-01
7.313415408134460449e-01
8.671971559524536133e-01
8.379591107368469238e-01
7.493405342102050781e-01
4.354490637779235840e-01
1.473217010498046875e-01
1.390613913536071777e-01
1.303557455539703369e-01
1.005668640136718750e-01
1.044138073921203613e-01
7.025599479675292969e-02
7.047992944717407227e-02
1.013026535511016846e-01
7.445377111434936523e-02
5.182641744613647461e-02
3.497624397277832031e-02
5.891150236129760742e-02
5.208122730255126953e-02
6.026554107666015625e-02
7.307595014572143555e-02
7.307130098342895508e-02
6.292766332626342773e-02
5.206459760665893555e-02
4.664206504821777344e-02
4.764908552169799805e-02
7.125383615493774414e-02
6.260067224502563477e-02
6.396818161010742188e-02
4.977113008499145508e-02
6.395596265792846680e-02
5.641961097717285156e-02
7.809984683990478516e-02
1.166369020938873291e-01
1.263864338397979736e-01
9.587037563323974609e-02
2.108294963836669922e-01
7.256413698196411133e-01
9.705568552017211914e-01
9.727263450622558594e-01
8.884513378143310547e-01
6.375213861465454102e-01
3.417327105998992920e-01
2.833527028560638428e-01
2.661323547363281250e-01
2.820487916469573975e-01
2.716641724109649658e-01
2.969882190227508545e-01
3.832954168319702148e-01
8.353790044784545898e-01
1.005478501319885254e+00
9.581297636032104492e-01
9.155380725860595703e-01
6.830291748046875000e-01
3.992772698402404785e-01
3.125446140766143799e-01
2.642875015735626221e-01
2.665187120437622070e-01
2.562918066978454590e-01
2.371407151222229004e-01
3.806253671646118164e-01
8.499235510826110840e-01
8.839763402938842773e-01
8.796340227127075195e-01
7.897530794143676758e-01
5.925272703170776367e-01
3.195604979991912842e-01
2.428583204746246338e-01
2.439976632595062256e-01
2.243537902832031250e-01
1.650702357292175293e-01
1.484855413436889648e-01
3.541711866855621338e-01
7.697212100028991699e-01
8.028734922409057617e-01
8.720844984054565430e-01
8.146569132804870605e-01
5.344724059104919434e-01
2.843788266181945801e-01
1.567415595054626465e-01
1.895668208599090576e-01
1.497640609741210938e-01
1.664505302906036377e-01
1.565959155559539795e-01
3.049101233482360840e-01
7.159490585327148438e-01
8.656255006790161133e-01
8.365600109100341797e-01
7.431620955467224121e-01
4.244062304496765137e-01
1.687454283237457275e-01
1.336458325386047363e-01
1.219810247421264648e-01
1.065572500228881836e-01
8.239257335662841797e-02
6.199872493743896484e-02
9.253841638565063477e-02
7.753002643585205078e-02
7.041901350021362305e-02
5.523073673248291016e-02
5.434048175811767578e-02
4.509001970291137695e-02
6.008303165435791016e-02
5.583012104034423828e-02
4.293292760848999023e-02
4.918724298477172852e-02
3.988444805145263672e-02
3.740936517715454102e-02
2.441883087158203125e-02
4.779773950576782227e-02
4.482501745223999023e-02
2.423626184463500977e-02
5.059713125228881836e-02
7.501029968261718750e-02
7.392847537994384766e-02
1.045996844768524170e-01
1.277023255825042725e-01
1.796683669090270996e-01
2.088508307933807373e-01
2.842084765434265137e-01
3.565138876438140869e-01
7.959938049316406250e-01
9.463651180267333984e-01
9.161351919174194336e-01
8.733588457107543945e-01
6.824535727500915527e-01
4.096039533615112305e-01
2.819845974445343018e-01
2.387690842151641846e-01
2.353226840496063232e-01
2.719928622245788574e-01
2.861557602882385254e-01
3.794791102409362793e-01
8.109031915664672852e-01
1.005921125411987305e+00
9.418056011199951172e-01
9.761831164360046387e-01
6.795246005058288574e-01
3.734042048454284668e-01
3.163973093032836914e-01
2.960134148597717285e-01
2.677484154701232910e-01
2.415273785591125488e-01
2.527385056018829346e-01
3.564298748970031738e-01
8.261983394622802734e-01
8.798929452896118164e-01
8.265454769134521484e-01
8.387277126312255859e-01
6.398660540580749512e-01
3.774715662002563477e-01
3.255520761013031006e-01
2.052486538887023926e-01
1.975351572036743164e-01
2.181936502456665039e-01
2.184140682220458984e-01
3.997540473937988281e-01
8.160731196403503418e-01
9.998931884765625000e-01
9.608011245727539062e-01
9.434078931808471680e-01
6.323718428611755371e-01
3.376601934432983398e-01
2.391829490661621094e-01
2.110605239868164062e-01
1.913456916809082031e-01
1.684797704219818115e-01
2.007732689380645752e-01
3.379552662372589111e-01
8.210693001747131348e-01
9.228041172027587891e-01
8.722928762435913086e-01
8.189409375190734863e-01
4.960655570030212402e-01
1.810880899429321289e-01
1.326142549514770508e-01
1.028251945972442627e-01
1.145938634872436523e-01
4.584145545959472656e-02
6.966608762741088867e-02
1.440658569335937500e-01
4.820108413696289062e-02
6.269168853759765625e-02
5.359262228012084961e-02
4.387074708938598633e-02
4.126638174057006836e-02
6.602108478546142578e-02
6.385350227355957031e-02
7.472389936447143555e-02
9.143126010894775391e-02
1.026980578899383545e-01
9.827494621276855469e-02
4.905313253402709961e-02
5.850118398666381836e-02
7.271891832351684570e-02
6.035619974136352539e-02
6.467461585998535156e-02
3.888809680938720703e-02
4.307734966278076172e-02
5.014872550964355469e-02
5.389529466629028320e-02
4.382359981536865234e-02
5.844080448150634766e-02
6.723952293395996094e-02
7.847487926483154297e-02
7.080966830253601074e-01
9.307838678359985352e-01
9.047636985778808594e-01
8.760520219802856445e-01
5.821604132652282715e-01
2.614358365535736084e-01
2.379771173000335693e-01
2.306219339370727539e-01
2.335396409034729004e-01
2.221724689006805420e-01
2.119151651859283447e-01
3.452344536781311035e-01
8.241530060768127441e-01
9.812151193618774414e-01
9.296280145645141602e-01
8.595201969146728516e-01
6.091815233230590820e-01
2.975752949714660645e-01
1.962343454360961914e-01
1.534549295902252197e-01
1.613928079605102539e-01
1.621862351894378662e-01
1.336832940578460693e-01
2.946468889713287354e-01
7.597954273223876953e-01
9.450628757476806641e-01
9.548014402389526367e-01
8.457779288291931152e-01
5.828043818473815918e-01
2.855532467365264893e-01
1.484350264072418213e-01
1.766524016857147217e-01
1.510367691516876221e-01
1.575507223606109619e-01
1.129522025585174561e-01
3.004555404186248779e-01
7.746838331222534180e-01
9.455806612968444824e-01
9.163398742675781250e-01
8.489623069763183594e-01
5.569397211074829102e-01
2.234959900379180908e-01
1.558584868907928467e-01
1.377638578414916992e-01
1.314074099063873291e-01
1.418035328388214111e-01
1.238518059253692627e-01
2.237246632575988770e-01
7.992933988571166992e-01
9.083017110824584961e-01
9.042559862136840820e-01
7.746300697326660156e-01
4.919590353965759277e-01
1.850067675113677979e-01
1.268524229526519775e-01
1.336328685283660889e-01
9.602206945419311523e-02
5.383944511413574219e-02
6.203973293304443359e-02
8.568686246871948242e-02
3.489410877227783203e-02
8.434927463531494141e-02
6.702578067779541016e-02
4.839771986007690430e-02
4.483199119567871094e-02
4.610526561737060547e-02
4.448658227920532227e-02
4.379534721374511719e-02
4.716390371322631836e-02
3.954398632049560547e-02
3.244167566299438477e-02
2.732229232788085938e-02
4.094982147216796875e-02
6.546860933303833008e-02
7.902801036834716797e-02
4.698038101196289062e-02
1.638424396514892578e-02
1.988720893859863281e-02
5.461657047271728516e-02
5.516934394836425781e-02
4.161006212234497070e-02
7.162988185882568359e-02
6.985372304916381836e-02
9.980210661888122559e-02
7.124601602554321289e-01
9.259161949157714844e-01
8.899337053298950195e-01
7.915108799934387207e-01
5.323804020881652832e-01
2.248947918415069580e-01
2.003392875194549561e-01
1.763852238655090332e-01
1.616143882274627686e-01
1.268524825572967529e-01
1.012712717056274414e-01
2.465859651565551758e-01
7.769762277603149414e-01
9.463827013969421387e-01
9.631202220916748047e-01
8.697025775909423828e-01
5.810258388519287109e-01
2.638798058032989502e-01
1.663300693035125732e-01
1.559557914733886719e-01
1.571334600448608398e-01
1.372841298580169678e-01
1.144078969955444336e-01
2.709469795227050781e-01
7.443249225616455078e-01
9.526669979095458984e-01
9.154503345489501953e-01
8.535623550415039062e-01
5.465910434722900391e-01
2.168749272823333740e-01
1.580672264099121094e-01
1.678883135318756104e-01
8.477050065994262695e-02
1.030041873455047607e-01
1.200492382049560547e-01
2.831960916519165039e-01
7.740690112113952637e-01
9.354825019836425781e-01
9.217596054077148438e-01
8.774574995040893555e-01
4.892846047878265381e-01
1.766240000724792480e-01
1.383479535579681396e-01
1.324723958969116211e-01
8.131605386734008789e-02
1.043497920036315918e-01
8.631914854049682617e-02
1.667045056819915771e-01
7.149202227592468262e-01
9.392336606979370117e-01
9.173117280006408691e-01
8.936606645584106445e-01
5.156241655349731445e-01
1.926219463348388672e-01
1.395712196826934814e-01
1.998611986637115479e-01
7.852470874786376953e-02
1.334902644157409668e-01
1.352773606777191162e-01
1.002193987369537354e-01
8.100372552871704102e-02
5.394977331161499023e-02
7.500463724136352539e-02
5.730718374252319336e-02
4.947483539581298828e-02
6.961035728454589844e-02
4.068768024444580078e-02
6.878662109375000000e-02
6.516689062118530273e-02
6.026762723922729492e-02
5.563545227050781250e-02
4.621404409408569336e-02
3.444069623947143555e-02
3.635889291763305664e-02
4.257309436798095703e-02
4.610854387283325195e-02
2.046221494674682617e-02
3.355312347412109375e-02
5.680376291275024414e-02
7.467836141586303711e-02
6.426030397415161133e-02
8.811336755752563477e-02
1.274153888225555420e-01
1.688227653503417969e-01
7.316181063652038574e-01
8.872112631797790527e-01
8.947133421897888184e-01
8.549386262893676758e-01
5.762677192687988281e-01
3.036106526851654053e-01
1.986626982688903809e-01
1.822680234909057617e-01
1.873848438262939453e-01
1.930127441883087158e-01
1.691141724586486816e-01
3.328230082988739014e-01
8.162447214126586914e-01
1.006512761116027832e+00
9.744165539741516113e-01
9.412027597427368164e-01
6.304892301559448242e-01
2.944851219654083252e-01
2.367623150348663330e-01
1.524408459663391113e-01
1.635355353355407715e-01
1.524904370307922363e-01
1.239854991436004639e-01
2.932973504066467285e-01
8.332301974296569824e-01
9.781318902969360352e-01
9.613575935363769531e-01
8.750921487808227539e-01
5.680719017982482910e-01
3.176297247409820557e-01
2.039379179477691650e-01
1.868190169334411621e-01
2.004111409187316895e-01
1.909327208995819092e-01
1.781819164752960205e-01
3.031926751136779785e-01
7.972171306610107422e-01
9.774338006973266602e-01
9.581316709518432617e-01
9.242006540298461914e-01
6.276058554649353027e-01
2.948841452598571777e-01
1.968899071216583252e-01
2.135895788669586182e-01
2.201970219612121582e-01
1.500571072101593018e-01
1.339240372180938721e-01
2.828636467456817627e-01
7.914501428604125977e-01
9.794037342071533203e-01
9.545022249221801758e-01
8.674993515014648438e-01
5.277085304260253906e-01
2.375165522098541260e-01
1.948510110378265381e-01
1.775518953800201416e-01
1.641892492771148682e-01
1.542745530605316162e-01
1.389698684215545654e-01
1.962107419967651367e-01
8.863210678100585938e-02
8.995556831359863281e-02
6.847041845321655273e-02
5.480355024337768555e-02
3.661495447158813477e-02
5.722701549530029297e-02
7.290488481521606445e-02
9.395444393157958984e-02
1.059175729751586914e-01
6.840711832046508789e-02
4.895776510238647461e-02
5.642384290695190430e-02
3.601026535034179688e-02
5.652076005935668945e-02
6.578499078750610352e-02
8.552670478820800781e-02
8.772641420364379883e-02
9.704548120498657227e-02
9.132045507431030273e-02
8.863484859466552734e-02
8.381938934326171875e-02
5.653715133666992188e-02
9.748029708862304688e-02
1.347645223140716553e-01
7.424272298812866211e-01
8.733999729156494141e-01
8.813248872756958008e-01
8.324308395385742188e-01
5.342987775802612305e-01
2.624103426933288574e-01
2.014738023281097412e-01
1.957941353321075439e-01
1.767785847187042236e-01
1.466454267501831055e-01
1.467925012111663818e-01
3.296076953411102295e-01
8.137246370315551758e-01
9.864042401313781738e-01
9.861854314804077148e-01
8.883040547370910645e-01
5.886768102645874023e-01
2.482408285140991211e-01
1.545450687408447266e-01
1.743519008159637451e-01
1.230430603027343750e-01
1.036570966243743896e-01
8.913147449493408203e-02
2.538910210132598877e-01
7.374067306518554688e-01
9.192222356796264648e-01
8.986066579818725586e-01
7.965620756149291992e-01
4.920999407768249512e-01
2.115500271320343018e-01
1.443547308444976807e-01
1.623329222202301025e-01
1.132328212261199951e-01
9.905409812927246094e-02
8.603626489639282227e-02
1.884884834289550781e-01
7.783851623535156250e-01
9.241465330123901367e-01
9.176260828971862793e-01
8.341023325920104980e-01
4.950432777404785156e-01
2.130433619022369385e-01
1.394567787647247314e-01
1.367121338844299316e-01
8.819013833999633789e-02
1.072026193141937256e-01
1.054710745811462402e-01
2.538758814334869385e-01
7.950080633163452148e-01
8.932546377182006836e-01
8.477801680564880371e-01
8.377364873886108398e-01
5.383154749870300293e-01
1.888045072555541992e-01
1.401222646236419678e-01
1.527568101882934570e-01
1.317232847213745117e-01
1.432498693466186523e-01
1.361990272998809814e-01
1.721947491168975830e-01
8.479285240173339844e-02
8.072680234909057617e-02
6.546974182128906250e-02
6.584286689758300781e-02
4.571253061294555664e-02
4.979389905929565430e-02
4.883205890655517578e-02
5.129456520080566406e-02
6.641638278961181641e-02
6.307721138000488281e-02
5.340099334716796875e-02
4.967141151428222656e-02
4.264247417449951172e-02
3.939461708068847656e-02
3.715193271636962891e-02
2.406525611877441406e-02
1.037079095840454102e-02
2.326548099517822266e-02
3.233110904693603516e-02
3.285437822341918945e-02
4.961621761322021484e-02
5.632346868515014648e-02
6.854182481765747070e-02
6.577873229980468750e-02
7.025879025459289551e-01
9.213010072708129883e-01
8.815723657608032227e-01
8.432093262672424316e-01
5.540694594383239746e-01
2.086999118328094482e-01
1.383895874023437500e-01
9.207910299301147461e-02
7.943129539489746094e-02
9.572720527648925781e-02
8.842211961746215820e-02
2.159965932369232178e-01
7.710690498352050781e-01
9.352259039878845215e-01
9.114078283309936523e-01
8.551340103149414062e-01
5.385139584541320801e-01
2.247450649738311768e-01
1.454276144504547119e-01
1.413411796092987061e-01
1.108659207820892334e-01
5.085039138793945312e-02
7.977300882339477539e-02
2.281848490238189697e-01
7.834531664848327637e-01
9.895813465118408203e-01
9.720889329910278320e-01
9.088394641876220703e-01
5.493476986885070801e-01
2.373944520950317383e-01
1.339281499385833740e-01
1.324372589588165283e-01
9.947106242179870605e-02
9.699130058288574219e-02
9.749832749366760254e-02
2.493749558925628662e-01
7.879469990730285645e-01
8.612301349639892578e-01
8.867961168289184570e-01
7.663624882698059082e-01
4.861712157726287842e-01
1.943305134773254395e-01
1.311666667461395264e-01
8.363342285156250000e-02
9.651213884353637695e-02
7.977300882339477539e-02
5.677747726440429688e-02
1.106717884540557861e-01
7.271413803100585938e-01
9.171611070632934570e-01
8.801442384719848633e-01
7.873393297195434570e-01
4.324064850807189941e-01
1.630231142044067383e-01
1.156036555767059326e-01
1.173232793807983398e-01
8.795791864395141602e-02
8.067423105239868164e-02
8.354192972183227539e-02
9.324193000793457031e-02
3.802257776260375977e-02
5.777513980865478516e-02
5.437469482421875000e-02
4.969799518585205078e-02
3.975725173950195312e-02
4.045194387435913086e-02
3.153085708618164062e-02
3.429895639419555664e-02
3.592646121978759766e-02
3.225940465927124023e-02
3.075391054153442383e-02
2.355617284774780273e-02
4.841208457946777344e-03
2.809554338455200195e-02
1.372009515762329102e-02
1.076948642730712891e-02
1.413965225219726562e-02
1.487743854522705078e-02
4.664689302444458008e-02
3.696405887603759766e-02
4.883188009262084961e-02
8.341777324676513672e-02
1.789083778858184814e-01
3.170865476131439209e-01
7.785325646400451660e-01
9.288979768753051758e-01
8.764442205429077148e-01
8.187464475631713867e-01
5.721458792686462402e-01
2.325031757354736328e-01
1.703985333442687988e-01
1.577088832855224609e-01
1.386180520057678223e-01
1.371651589870452881e-01
1.251507103443145752e-01
2.813518941402435303e-01
7.846134901046752930e-01
9.479873180389404297e-01
9.530390501022338867e-01
8.832600116729736328e-01
5.234681367874145508e-01
2.222599089145660400e-01
1.445038020610809326e-01
1.407468020915985107e-01
1.372220516204833984e-01
1.286318898200988770e-01
1.204378604888916016e-01
3.082300424575805664e-01
7.475349307060241699e-01
8.825959563255310059e-01
9.375069141387939453e-01
8.462504148483276367e-01
5.352630615234375000e-01
2.282561361789703369e-01
1.799241304397583008e-01
1.815106570720672607e-01
1.901121139526367188e-01
1.771305799484252930e-01
1.670259833335876465e-01
3.181817233562469482e-01
7.758596539497375488e-01
9.978162050247192383e-01
9.808328151702880859e-01
9.120008349418640137e-01
5.666576623916625977e-01
2.635089457035064697e-01
1.373623907566070557e-01
1.270200014114379883e-01
1.134333014488220215e-01
1.105526089668273926e-01
7.649499177932739258e-02
2.693892121315002441e-01
7.543127536773681641e-01
7.939481139183044434e-01
7.614122629165649414e-01
8.128747344017028809e-01
5.274313092231750488e-01
1.858014762401580811e-01
1.246114969253540039e-01
1.626144349575042725e-01
1.547120213508605957e-01
1.308439373970031738e-01
1.242298185825347900e-01
1.265771687030792236e-01
3.940999507904052734e-02
7.893198728561401367e-02
6.202322244644165039e-02
5.891722440719604492e-02
3.995996713638305664e-02
5.330836772918701172e-02
5.621725320816040039e-02
5.642259120941162109e-02
4.317766427993774414e-02
3.334581851959228516e-02
3.657013177871704102e-02
4.177570343017578125e-02
1.320594549179077148e-02
1.217138767242431641e-02
1.201689243316650391e-02
2.521395683288574219e-02
3.035211563110351562e-02
1.503920555114746094e-02
2.585071325302124023e-02
7.050329446792602539e-02
8.167707920074462891e-02
7.257074117660522461e-02
3.729516267776489258e-02
1.007521152496337891e-01
6.234534382820129395e-01
8.721992969512939453e-01
8.455210924148559570e-01
7.986268997192382812e-01
5.399462580680847168e-01
2.196223735809326172e-01
1.391708552837371826e-01
1.384539902210235596e-01
1.473006606101989746e-01
1.400553286075592041e-01
1.096919178962707520e-01
2.694034576416015625e-01
7.914531230926513672e-01
8.449244499206542969e-01
8.677781820297241211e-01
8.079165220260620117e-01
4.974162280559539795e-01
2.041428983211517334e-01
1.602560579776763916e-01
1.365571022033691406e-01
1.205882728099822998e-01
1.188426315784454346e-01
1.031375527381896973e-01
2.783466279506683350e-01
7.258186936378479004e-01
9.334847331047058105e-01
9.638191461563110352e-01
8.903020620346069336e-01
5.444985032081604004e-01
2.559645771980285645e-01
1.506410241127014160e-01
1.640909910202026367e-01
1.621237695217132568e-01
1.643651425838470459e-01
1.807291209697723389e-01
3.067392408847808838e-01
7.692363858222961426e-01
9.602289199829101562e-01
9.801657199859619141e-01
8.798524737358093262e-01
5.332807302474975586e-01
2.261563837528228760e-01
1.740057766437530518e-01
1.658273637294769287e-01
1.563225686550140381e-01
1.362327039241790771e-01
1.374884843826293945e-01
2.858907580375671387e-01
7.252011895179748535e-01
9.028356075286865234e-01
8.893926143646240234e-01
7.853135466575622559e-01
4.123438596725463867e-01
1.520222425460815430e-01
1.073966026306152344e-01
1.121510565280914307e-01
1.371034681797027588e-01
1.416393816471099854e-01
9.380125999450683594e-02
1.006947159767150879e-01
8.971422910690307617e-02
1.044053137302398682e-01
5.722337961196899414e-02
5.888068675994873047e-02
7.704061269760131836e-02
6.966549158096313477e-02
6.598335504531860352e-02
5.740714073181152344e-02
5.583047866821289062e-02
6.767147779464721680e-02
7.742184400558471680e-02
5.246478319168090820e-02
5.269855260848999023e-02
6.172245740890502930e-02
5.761480331420898438e-02
4.768699407577514648e-02
6.488770246505737305e-02
6.076264381408691406e-02
6.690424680709838867e-02
5.913275480270385742e-02
6.165248155593872070e-02
6.953656673431396484e-02
7.219111919403076172e-02
8.471935987472534180e-02
7.248006463050842285e-01
9.359264373779296875e-01
9.207676649093627930e-01
8.872945308685302734e-01
5.898497700691223145e-01
2.399378120899200439e-01
1.472913026809692383e-01
1.212042868137359619e-01
1.125410497188568115e-01
9.235066175460815430e-02
1.376831531524658203e-01
2.923819124698638916e-01
8.050445318222045898e-01
9.975401759147644043e-01
9.828303456306457520e-01
9.219273328781127930e-01
5.963197946548461914e-01
2.935237288475036621e-01
1.432483196258544922e-01
1.717148423194885254e-01
1.426681578159332275e-01
1.344821751117706299e-01
1.537016928195953369e-01
3.051865994930267334e-01
7.886124849319458008e-01
8.070946335792541504e-01
7.729829549789428711e-01
7.915226221084594727e-01
5.489086508750915527e-01
2.687039673328399658e-01
1.535238921642303467e-01
1.712588965892791748e-01
1.732949316501617432e-01
1.692861020565032959e-01
1.627239882946014404e-01
2.840100228786468506e-01
7.701823115348815918e-01
9.348368644714355469e-01
9.411388635635375977e-01
8.587126731872558594e-01
5.106877684593200684e-01
2.101669311523437500e-01
1.418183445930480957e-01
1.313772201538085938e-01
8.099287748336791992e-02
4.919040203094482422e-02
7.903319597244262695e-02
2.345610558986663818e-01
7.483482360839843750e-01
7.863440513610839844e-01
8.185200691223144531e-01
7.417881488800048828e-01
4.757742583751678467e-01
2.166896462440490723e-01
1.340357065200805664e-01
1.401809453964233398e-01
1.277461647987365723e-01
1.366775035858154297e-01
9.567552804946899414e-02
1.165446043014526367e-01
1.565128564834594727e-02
5.537122488021850586e-02
5.720502138137817383e-02
5.184686183929443359e-02
3.830468654632568359e-02
4.011255502700805664e-02
4.109704494476318359e-02
4.808068275451660156e-02
3.301054239273071289e-02
2.317959070205688477e-02
2.763938903808593750e-02
2.370995283126831055e-02
1.592230796813964844e-02
1.459652185440063477e-02
1.438665390014648438e-02
8.534014225006103516e-03
2.218043804168701172e-02
3.449505567550659180e-02
3.795462846755981445e-02
4.802417755126953125e-02
4.601770639419555664e-02
6.195175647735595703e-02
1.197700202465057373e-01
1.973118484020233154e-01
7.235770225524902344e-01
9.431098103523254395e-01
9.896187782287597656e-01
9.381034374237060547e-01
6.126738190650939941e-01
2.588638365268707275e-01
1.644695401191711426e-01
1.735159456729888916e-01
1.841410100460052490e-01
1.778217554092407227e-01
1.623993813991546631e-01
3.310058116912841797e-01
8.071891069412231445e-01
9.542272090911865234e-01
9.023313522338867188e-01
8.658523559570312500e-01
5.681755542755126953e-01
2.326086163520812988e-01
1.467318832874298096e-01
1.637492179870605469e-01
1.491878628730773926e-01
1.479063928127288818e-01
1.571299135684967041e-01
3.164035081863403320e-01
7.706899642944335938e-01
8.797646164894104004e-01
8.841377496719360352e-01
8.235758543014526367e-01
5.187186598777770996e-01
2.200267612934112549e-01
1.789987385272979736e-01
1.697328388690948486e-01
1.361405849456787109e-01
1.303142905235290527e-01
1.347430646419525146e-01
2.928886413574218750e-01
7.646554708480834961e-01
9.240275621414184570e-01
9.517593979835510254e-01
9.187592864036560059e-01
5.625170469284057617e-01
2.268172502517700195e-01
1.585370600223541260e-01
1.465166211128234863e-01
1.355241835117340088e-01
1.321634650230407715e-01
1.286112070083618164e-01
2.820431292057037354e-01
7.363716363906860352e-01
8.949024677276611328e-01
8.968112468719482422e-01
8.164217472076416016e-01
4.648563861846923828e-01
1.500860750675201416e-01
1.119367182254791260e-01
1.151786446571350098e-01
1.163709163665771484e-01
1.018437147140502930e-01
6.788784265518188477e-02
1.534340381622314453e-01
1.333434581756591797e-01
9.470462799072265625e-02
8.641904592514038086e-02
6.409233808517456055e-02
5.626726150512695312e-02
4.566186666488647461e-02
7.559710741043090820e-02
7.277804613113403320e-02
7.664418220520019531e-02
7.220107316970825195e-02
7.311332225799560547e-02
6.339025497436523438e-02
4.829251766204833984e-02
4.828768968582153320e-02
6.449216604232788086e-02
3.453785181045532227e-02
8.104228973388671875e-02
7.203799486160278320e-02
6.591933965682983398e-02
5.415785312652587891e-02
6.226271390914916992e-02
8.023965358734130859e-02
9.579992294311523438e-02
1.265319883823394775e-01
7.205924391746520996e-01
8.623282313346862793e-01
8.577345609664916992e-01
8.024036288261413574e-01
5.602046251296997070e-01
2.670254707336425781e-01
1.843430697917938232e-01
1.719715595245361328e-01
1.838324368000030518e-01
1.873113811016082764e-01
1.800293028354644775e-01
2.699892520904541016e-01
7.472621798515319824e-01
9.253280162811279297e-01
9.029060006141662598e-01
8.089137673377990723e-01
4.747469425201416016e-01
1.781410872936248779e-01
1.329447031021118164e-01
1.254287660121917725e-01
1.332812309265136719e-01
1.370645165443420410e-01
8.892023563385009766e-02
2.710039615631103516e-01
7.585004568099975586e-01
9.542438387870788574e-01
9.153921008110046387e-01
8.369149565696716309e-01
5.287805199623107910e-01
2.705106735229492188e-01
1.477238535881042480e-01
1.518052220344543457e-01
1.632486581802368164e-01
1.812302768230438232e-01
1.705476939678192139e-01
3.060367405414581299e-01
7.808838486671447754e-01
9.981264472007751465e-01
9.885240793228149414e-01
8.635606765747070312e-01
5.298475027084350586e-01
2.381402254104614258e-01
1.476455032825469971e-01
1.410775184631347656e-01
1.326700448989868164e-01
1.010840833187103271e-01
9.692597389221191406e-02
2.681548893451690674e-01
7.316487431526184082e-01
8.534871339797973633e-01
8.554311394691467285e-01
7.749539613723754883e-01
4.943791329860687256e-01
1.714380383491516113e-01
1.235650777816772461e-01
1.136607229709625244e-01
9.907105565071105957e-02
1.061241626739501953e-01
7.758718729019165039e-02
6.226110458374023438e-02
3.254151344299316406e-02
6.138408184051513672e-02
6.388324499130249023e-02
5.213660001754760742e-02
4.304188489913940430e-02
5.285441875457763672e-02
3.757262229919433594e-02
3.487777709960937500e-02
3.642696142196655273e-02
3.082740306854248047e-02
1.168143749237060547e-02
1.394522190093994141e-02
2.704292535781860352e-02
2.757579088211059570e-02
4.103541374206542969e-02
5.281460285186767578e-02
4.515975713729858398e-02
5.037474632263183594e-02
3.942841291427612305e-02
5.472707748413085938e-02
8.128589391708374023e-02
8.776110410690307617e-02
1.038199365139007568e-01
1.328310668468475342e-01
7.115892171859741211e-01
9.569527506828308105e-01
9.512602090835571289e-01
8.748695850372314453e-01
5.784305334091186523e-01
2.351321578025817871e-01
1.685255467891693115e-01
1.761551797389984131e-01
1.471455693244934082e-01
8.104622364044189453e-02
1.016071438789367676e-01
2.951227426528930664e-01
7.999150156974792480e-01
9.761632084846496582e-01
9.571964740753173828e-01
8.765259981155395508e-01
5.810046195983886719e-01
2.640345394611358643e-01
1.740700304508209229e-01
1.769019961357116699e-01
1.611427366733551025e-01
1.547266244888305664e-01
1.558922827243804932e-01
2.868069708347320557e-01
7.431290149688720703e-01
9.015901088714599609e-01
9.156435132026672363e-01
8.628958463668823242e-01
5.579006075859069824e-01
2.573150992393493652e-01
1.604562401771545410e-01
1.840031743049621582e-01
1.417242586612701416e-01
1.492998898029327393e-01
1.286966502666473389e-01
3.322541415691375732e-01
7.767028808593750000e-01
9.746097922325134277e-01
9.470061659812927246e-01
8.968640565872192383e-01
5.871941447257995605e-01
2.681572437286376953e-01
1.503844857215881348e-01
1.669618189334869385e-01
1.659301817417144775e-01
1.589939594268798828e-01
1.665377318859100342e-01
2.835398018360137939e-01
7.989407777786254883e-01
9.819085597991943359e-01
9.782289862632751465e-01
8.539534211158752441e-01
5.240501165390014648e-01
1.889663040637969971e-01
1.198165714740753174e-01
1.645470559597015381e-01
1.170949041843414307e-01
9.924021363258361816e-02
9.646195173263549805e-02
9.125822782516479492e-02
7.649075984954833984e-02
7.639050483703613281e-02
3.222024440765380859e-02
1.422333717346191406e-02
5.909287929534912109e-02
6.342804431915283203e-02
6.147736310958862305e-02
5.857890844345092773e-02
6.402111053466796875e-02
7.593357563018798828e-02
4.035967588424682617e-02
5.512231588363647461e-02
4.427117109298706055e-02
4.675787687301635742e-02
4.595595598220825195e-02
5.690503120422363281e-02
4.086977243423461914e-02
3.042262792587280273e-02
7.655423879623413086e-02
5.400711297988891602e-02
6.679695844650268555e-02
1.024360954761505127e-01
1.288377344608306885e-01
1.869737207889556885e-01
7.611402273178100586e-01
9.649058580398559570e-01
9.754493832588195801e-01
9.187232255935668945e-01
6.081547141075134277e-01
2.685913145542144775e-01
2.082713544368743896e-01
1.746529638767242432e-01
1.673054695129394531e-01
1.657905578613281250e-01
1.767831146717071533e-01
3.295261561870574951e-01
8.068425059318542480e-01
9.326794743537902832e-01
9.423267841339111328e-01
8.806186318397521973e-01
5.594586133956909180e-01
2.286645472049713135e-01
1.470541059970855713e-01
1.610230207443237305e-01
1.521453857421875000e-01
1.168695688247680664e-01
9.641504287719726562e-02
2.890219688415527344e-01
7.537758350372314453e-01
9.573587179183959961e-01
9.623768329620361328e-01
8.535392284393310547e-01
5.599426031112670898e-01
2.616673707962036133e-01
1.481724977493286133e-01
1.417415142059326172e-01
1.276116967201232910e-01
1.237525343894958496e-01
1.225766837596893311e-01
2.822554409503936768e-01
7.717517614364624023e-01
9.606978893280029297e-01
9.409401416778564453e-01
8.542894124984741211e-01
5.313386917114257812e-01
2.328024506568908691e-01
1.498031616210937500e-01
1.481138169765472412e-01
1.046615242958068848e-01
1.155617237091064453e-01
1.197944879531860352e-01
2.800273597240447998e-01
7.550405263900756836e-01
9.545322060585021973e-01
9.419143199920654297e-01
8.413022756576538086e-01
4.790625572204589844e-01
1.890045702457427979e-01
1.395764052867889404e-01
1.104505062103271484e-01
9.732368588447570801e-02
9.762880206108093262e-02
8.103317022323608398e-02
1.230259835720062256e-01
5.173605680465698242e-02
7.522016763687133789e-02
6.217598915100097656e-02
5.363994836807250977e-02
4.739689826965332031e-02
5.081844329833984375e-02
4.675799608230590820e-02
3.912717103958129883e-02
3.932720422744750977e-02
4.119104146957397461e-02
3.732013702392578125e-02
2.846056222915649414e-02
1.330083608627319336e-02
2.073174715042114258e-02
3.543233871459960938e-02
3.378617763519287109e-02
3.636938333511352539e-02
3.812402486801147461e-02
2.966201305389404297e-02
2.771317958831787109e-02
4.157078266143798828e-02
3.888934850692749023e-02
3.089505434036254883e-02
5.481386184692382812e-02
6.926639676094055176e-01
9.844366312026977539e-01
9.468600749969482422e-01
8.960787057876586914e-01
5.860786437988281250e-01
2.407114207744598389e-01
1.911880373954772949e-01
1.665403842926025391e-01
1.605324149131774902e-01
1.340573430061340332e-01
1.471381485462188721e-01
3.230352401733398438e-01
7.911128997802734375e-01
9.648612737655639648e-01
9.531219601631164551e-01
8.081174492835998535e-01
4.944281876087188721e-01
2.157834172248840332e-01
1.478645801544189453e-01
1.437190473079681396e-01
1.427842676639556885e-01
1.390482783317565918e-01
1.229417324066162109e-01
2.809098064899444580e-01
7.280768156051635742e-01
8.932102918624877930e-01
7.889491319656372070e-01
7.206476330757141113e-01
5.199458599090576172e-01
2.699893414974212646e-01
1.533230245113372803e-01
1.652486622333526611e-01
1.732114255428314209e-01
1.796362102031707764e-01
1.713483333587646484e-01
3.098822534084320068e-01
8.020190596580505371e-01
9.983552098274230957e-01
9.445837736129760742e-01
9.134120941162109375e-01
5.812106132507324219e-01
2.598573565483093262e-01
1.589534282684326172e-01
1.704621911048889160e-01
1.566689014434814453e-01
1.501612961292266846e-01
1.531966030597686768e-01
3.029635548591613770e-01
7.599614858627319336e-01
8.650773763656616211e-01
8.910244703292846680e-01
8.138657808303833008e-01
4.752688407897949219e-01
1.487853825092315674e-01
1.090336441993713379e-01
8.217555284500122070e-02
6.448388099670410156e-02
5.862897634506225586e-02
3.504991531372070312e-02
1.059771776199340820e-01
2.817749977111816406e-02
5.265533924102783203e-02
4.617369174957275391e-02
3.730654716491699219e-02
3.688448667526245117e-02
4.203313589096069336e-02
4.233962297439575195e-02
3.115177154541015625e-02
2.617090940475463867e-02
2.670925855636596680e-02
1.855504512786865234e-02
2.225279808044433594e-02
3.420704603195190430e-02
3.614050149917602539e-02
5.193793773651123047e-02
3.846734762191772461e-02
3.622519969940185547e-02
3.684037923812866211e-02
3.205823898315429688e-02
2.933120727539062500e-02
3.126591444015502930e-02
5.022525787353515625e-02
9.956490993499755859e-02
2.263419330120086670e-01
7.923362255096435547e-01
9.568543434143066406e-01
9.541208148002624512e-01
8.857759237289428711e-01
5.923610925674438477e-01
2.531033158302307129e-01
1.969736814498901367e-01
1.868155896663665771e-01
1.991506814956665039e-01
1.672249436378479004e-01
1.863323748111724854e-01
3.257988989353179932e-01
8.201514482498168945e-01
9.908616542816162109e-01
9.659895896911621094e-01
9.120623469352722168e-01
6.828638315200805664e-01
2.917154431343078613e-01
2.013114988803863525e-01
2.139417231082916260e-01
2.313435673713684082e-01
2.067196667194366455e-01
1.715801656246185303e-01
3.341596424579620361e-01
8.512156009674072266e-01
9.809373617172241211e-01
9.505894184112548828e-01
9.099806547164916992e-01
6.011193990707397461e-01
3.036084771156311035e-01
1.829750537872314453e-01
1.948057413101196289e-01
1.993270218372344971e-01
1.793193221092224121e-01
1.881881952285766602e-01
3.232335448265075684e-01
8.324990868568420410e-01
8.934837579727172852e-01
9.227397441864013672e-01
8.829385042190551758e-01
5.719138383865356445e-01
2.768178880214691162e-01
2.057958841323852539e-01
2.054092884063720703e-01
2.220905125141143799e-01
1.974093914031982422e-01
1.926020383834838867e-01
3.251482546329498291e-01
8.273795843124389648e-01
9.384178519248962402e-01
9.088187217712402344e-01
8.042086362838745117e-01
5.020511150360107422e-01
1.783848106861114502e-01
1.349095702171325684e-01
1.242058575153350830e-01
1.065656244754791260e-01
1.052719950675964355e-01
7.266104221343994141e-02
1.060956716537475586e-01
7.718122005462646484e-02
6.165045499801635742e-02
5.237156152725219727e-02
4.641419649124145508e-02
4.296022653579711914e-02
4.246163368225097656e-02
4.300940036773681641e-02
3.967529535293579102e-02
4.087138175964355469e-02
3.901481628417968750e-02
3.406280279159545898e-02
2.909052371978759766e-02
2.440685033798217773e-02
1.294720172882080078e-02
2.592581510543823242e-02
3.116458654403686523e-02
4.602259397506713867e-02
5.001384019851684570e-02
3.731250762939453125e-02
7.377815246582031250e-02
8.604252338409423828e-02
7.792681455612182617e-02
5.950576066970825195e-02
8.055925369262695312e-02
7.002645134925842285e-01
7.806939482688903809e-01
7.770968079566955566e-01
7.868595719337463379e-01
4.933191537857055664e-01
1.882848143577575684e-01
1.410599648952484131e-01
1.132638454437255859e-01
1.242962479591369629e-01
1.161908209323883057e-01
9.193354845046997070e-02
2.191767990589141846e-01
7.633090019226074219e-01
8.498432636260986328e-01
8.543750047683715820e-01
7.959572672843933105e-01
4.910917282104492188e-01
2.365411818027496338e-01
1.736812591552734375e-01
1.822569072246551514e-01
1.785045862197875977e-01
1.772812008857727051e-01
1.677719950675964355e-01
3.232986629009246826e-01
7.683852314949035645e-01
9.662048816680908203e-01
9.681094288825988770e-01
9.168860316276550293e-01
5.718854069709777832e-01
2.282773852348327637e-01
1.470974385738372803e-01
1.435599327087402344e-01
1.315374076366424561e-01
1.298191547393798828e-01
1.115326881408691406e-01
2.797437310218811035e-01
7.297742962837219238e-01
8.204472064971923828e-01
8.636618852615356445e-01
7.931626439094543457e-01
4.803879261016845703e-01
2.192550897598266602e-01
1.521915793418884277e-01
1.446531414985656738e-01
1.490433216094970703e-01
1.521326005458831787e-01
1.368069946765899658e-01
2.986118495464324951e-01
7.549993395805358887e-01
9.400335550308227539e-01
9.122808575630187988e-01
8.508121967315673828e-01
5.244054198265075684e-01
1.407045125961303711e-01
1.187801361083984375e-01
1.527090966701507568e-01
1.745344400405883789e-01
1.753682494163513184e-01
1.532831192016601562e-01
1.281142532825469971e-01
7.438188791275024414e-02
9.620368480682373047e-02
7.266056537628173828e-02
6.461137533187866211e-02
5.344927310943603516e-02
7.132411003112792969e-02
7.973271608352661133e-02
7.753580808639526367e-02
7.934707403182983398e-02
7.942324876785278320e-02
7.099807262420654297e-02
7.253050804138183594e-02
6.006944179534912109e-02
8.965677022933959961e-02
5.683231353759765625e-02
5.678689479827880859e-02
5.835658311843872070e-02
6.250268220901489258e-02
6.889116764068603516e-02
8.347409963607788086e-02
9.078413248062133789e-02
7.069861888885498047e-02
7.058113813400268555e-02
7.968956232070922852e-02
7.360669374465942383e-01
9.095896482467651367e-01
9.458519220352172852e-01
8.993191123008728027e-01
6.024104356765747070e-01
2.498398423194885254e-01
1.472189128398895264e-01
1.235332787036895752e-01
1.160211265087127686e-01
1.193623542785644531e-01
9.622418880462646484e-02
2.641741633415222168e-01
7.939077615737915039e-01
9.604330062866210938e-01
9.335113763809204102e-01
8.405517935752868652e-01
5.269452333450317383e-01
2.140883207321166992e-01
1.337348520755767822e-01
1.538237929344177246e-01
1.496016979217529297e-01
1.249626874923706055e-01
8.207625150680541992e-02
1.906026005744934082e-01
7.835581302642822266e-01
9.712739586830139160e-01
9.376837611198425293e-01
8.560150861740112305e-01
5.256094336509704590e-01
2.328511476516723633e-01
1.374880671501159668e-01
1.327859461307525635e-01
1.371927261352539062e-01
1.562978327274322510e-01
1.831732392311096191e-01
2.506847083568572998e-01
7.873530983924865723e-01
9.661482572555541992e-01
9.384250640869140625e-01
8.602637052536010742e-01
4.783104658126831055e-01
2.237197458744049072e-01
1.598691642284393311e-01
1.427998542785644531e-01
9.057307243347167969e-02
9.268325567245483398e-02
8.657813072204589844e-02
2.874679267406463623e-01
7.623794078826904297e-01
9.464566111564636230e-01
8.827458024024963379e-01
8.817732930183410645e-01
5.074177980422973633e-01
2.178660929203033447e-01
1.421642899513244629e-01
1.519478857517242432e-01
1.037623882293701172e-01
1.047876179218292236e-01
8.326452970504760742e-02
1.648736596107482910e-01
2.044248580932617188e-02
5.156213045120239258e-02
5.704069137573242188e-02
5.106073617935180664e-02
3.751462697982788086e-02
3.113996982574462891e-02
3.265047073364257812e-02
5.130422115325927734e-02
4.619258642196655273e-02
3.834688663482666016e-02
2.146661281585693359e-02
2.535927295684814453e-02
2.385854721069335938e-02
3.290116786956787109e-03
1.120018959045410156e-02
2.990567684173583984e-02
2.609354257583618164e-02
2.630400657653808594e-02
2.557688951492309570e-02
2.112752199172973633e-02
3.002113103866577148e-02
4.628366231918334961e-02
6.098121404647827148e-02
1.854103207588195801e-01
7.895318269729614258e-01
8.890319466590881348e-01
9.008271694183349609e-01
8.572751879692077637e-01
5.579619407653808594e-01
1.940457522869110107e-01
1.683467626571655273e-01
1.701539754867553711e-01
1.686540246009826660e-01
1.299681663513183594e-01
1.616088449954986572e-01
3.042323291301727295e-01
8.045266866683959961e-01
9.674774408340454102e-01
9.575062990188598633e-01
8.985759019851684570e-01
5.620169639587402344e-01
2.278251647949218750e-01
1.797056794166564941e-01
1.923937797546386719e-01
2.074777781963348389e-01
1.935683786869049072e-01
1.611940860748291016e-01
3.364854753017425537e-01
8.176487088203430176e-01
9.576942920684814453e-01
9.176635742187500000e-01
8.938777446746826172e-01
6.000726222991943359e-01
2.894219756126403809e-01
1.447423398494720459e-01
1.518974602222442627e-01
1.590549349784851074e-01
1.854397952556610107e-01
2.032615244388580322e-01
2.974912226200103760e-01
7.968927621841430664e-01
9.682554006576538086e-01
9.311481118202209473e-01
9.353712797164916992e-01
5.379981398582458496e-01
2.666651010513305664e-01
1.395272016525268555e-01
2.175963819026947021e-01
1.772526800632476807e-01
1.545842289924621582e-01
1.273531019687652588e-01
3.405947983264923096e-01
7.975569963455200195e-01
9.109877347946166992e-01
9.124809503555297852e-01
7.782125473022460938e-01
4.614633321762084961e-01
1.861065030097961426e-01
1.194176077842712402e-01
1.206216812133789062e-01
1.070672273635864258e-01
1.052159667015075684e-01
8.497405052185058594e-02
9.125143289566040039e-02
4.177796840667724609e-02
6.065267324447631836e-02
5.363959074020385742e-02
4.571205377578735352e-02
4.285067319869995117e-02
3.782498836517333984e-02
3.667265176773071289e-02
3.528058528900146484e-02
3.653830289840698242e-02
3.286123275756835938e-02
1.730251312255859375e-02
2.542638778686523438e-02
1.651358604431152344e-02
1.641881465911865234e-02
1.935464143753051758e-02
1.279211044311523438e-02
1.874524354934692383e-02
2.598047256469726562e-02
2.844506502151489258e-02
4.021167755126953125e-02
5.567800998687744141e-02
4.222697019577026367e-02
3.643757104873657227e-02
7.762283086776733398e-02
6.931693553924560547e-01
9.793044328689575195e-01
9.440730810165405273e-01
8.879078626632690430e-01
5.854622125625610352e-01
2.316529750823974609e-01
1.721412837505340576e-01
1.755829155445098877e-01
1.853015422821044922e-01
1.711848080158233643e-01
1.484847068786621094e-01
3.269965648651123047e-01
8.172175288200378418e-01
9.990677833557128906e-01
9.707077741622924805e-01
8.775618672370910645e-01
5.768951177597045898e-01
2.296521961688995361e-01
1.258834004402160645e-01
1.240923702716827393e-01
1.188204586505889893e-01
1.313587725162506104e-01
8.208608627319335938e-02
2.934314906597137451e-01
7.528157234191894531e-01
9.601471424102783203e-01
9.268354177474975586e-01
8.170254230499267578e-01
5.205478668212890625e-01
2.197364568710327148e-01
1.529009640216827393e-01
1.594150066375732422e-01
1.113575398921966553e-01
1.203438937664031982e-01
1.317135691642761230e-01
2.806601524353027344e-01
8.023742437362670898e-01
9.439495801925659180e-01
9.608384370803833008e-01
8.600907325744628906e-01
4.968050718307495117e-01
2.145915329456329346e-01
1.355267763137817383e-01
1.311596035957336426e-01
7.048785686492919922e-02
9.324872493743896484e-02
9.559106826782226562e-02
2.248286008834838867e-01
7.919913530349731445e-01
9.211432933807373047e-01
9.193152189254760742e-01
7.813127040863037109e-01
4.750593900680541992e-01
1.886819601058959961e-01
1.258819103240966797e-01
1.399250626564025879e-01
1.099979579448699951e-01
8.184987306594848633e-02
7.745176553726196289e-02
1.179134249687194824e-01
6.844639778137207031e-02
8.983600139617919922e-02
6.782680749893188477e-02
6.796008348464965820e-02
4.995977878570556641e-02
5.707859992980957031e-02
5.129915475845336914e-02
4.713737964630126953e-02
4.745841026306152344e-02
4.141020774841308594e-02
3.656280040740966797e-02
3.584039211273193359e-02
1.010376214981079102e-02
2.344048023223876953e-02
2.357500791549682617e-02
2.803874015808105469e-02
3.415101766586303711e-02
3.091931343078613281e-02
2.823531627655029297e-02
3.624403476715087891e-02
4.953235387802124023e-02
5.641734600067138672e-02
6.664079427719116211e-02
1.282966732978820801e-01
6.856098771095275879e-01
9.624851942062377930e-01
9.130896329879760742e-01
8.526175022125244141e-01
5.443769693374633789e-01
1.872546374797821045e-01
1.934501528739929199e-01
1.614711582660675049e-01
1.402384638786315918e-01
1.046573817729949951e-01
7.924127578735351562e-02
2.241646051406860352e-01
7.582758069038391113e-01
9.351283311843872070e-01
9.288108348846435547e-01
8.187870383262634277e-01
5.090393424034118652e-01
2.038199305534362793e-01
1.516552567481994629e-01
1.534928679466247559e-01
1.342716515064239502e-01
1.424652636051177979e-01
1.473343074321746826e-01
2.610714435577392578e-01
7.781565785408020020e-01
9.652676582336425781e-01
9.730590581893920898e-01
9.191354513168334961e-01
5.632622241973876953e-01
2.047814130783081055e-01
1.445097625255584717e-01
1.718359887599945068e-01
1.474346816539764404e-01
1.526435613632202148e-01
1.328462064266204834e-01
2.580422461032867432e-01
7.061089277267456055e-01
8.685867786407470703e-01
9.053115844726562500e-01
8.541266918182373047e-01
4.921973347663879395e-01
1.862691342830657959e-01
1.446675956249237061e-01
1.335215568542480469e-01
1.065242290496826172e-01
1.001635789871215820e-01
9.499841928482055664e-02
2.602001130580902100e-01
7.093944549560546875e-01
8.549677133560180664e-01
8.857192397117614746e-01
7.969728708267211914e-01
4.690120816230773926e-01
1.894150674343109131e-01
1.571802198886871338e-01
1.405017673969268799e-01
1.253614425659179688e-01
1.224504709243774414e-01
9.171563386917114258e-02
8.591145277023315430e-02
4.591858386993408203e-02
6.864082813262939453e-02
5.858868360519409180e-02
5.276018381118774414e-02
5.656594038009643555e-02
5.538898706436157227e-02
4.580485820770263672e-02
4.645889997482299805e-02
5.403321981430053711e-02
5.424815416336059570e-02
2.910357713699340820e-02
2.048927545547485352e-02
2.613443136215209961e-02
2.710139751434326172e-02
3.071057796478271484e-02
3.609681129455566406e-02
2.582734823226928711e-02
4.172039031982421875e-02
6.819581985473632812e-02
7.781845331192016602e-02
6.377482414245605469e-02
2.612376213073730469e-02
3.366386890411376953e-02
8.781355619430541992e-02
7.078754305839538574e-01
8.127433061599731445e-01
8.051173686981201172e-01
7.960637211799621582e-01
5.398171544075012207e-01
2.277451157569885254e-01
1.549172401428222656e-01
1.683391928672790527e-01
1.253028810024261475e-01
8.800697326660156250e-02
7.935428619384765625e-02
2.486794292926788330e-01
7.890625596046447754e-01
9.382842779159545898e-01
9.516974687576293945e-01
8.451071977615356445e-01
5.055290460586547852e-01
2.266699671745300293e-01
1.700628399848937988e-01
1.647062301635742188e-01
1.959942281246185303e-01
1.685865223407745361e-01
1.515981256961822510e-01
2.836585342884063721e-01
8.080955743789672852e-01
8.891228437423706055e-01
8.973778486251831055e-01
8.081219196319580078e-01
6.685140728950500488e-01
2.380977272987365723e-01
1.833485066890716553e-01
1.331121623516082764e-01
1.298283934593200684e-01
1.233418881893157959e-01
1.029232144355773926e-01
2.773845195770263672e-01
7.351412773132324219e-01
8.766617774963378906e-01
8.732292652130126953e-01
8.149121999740600586e-01
4.975794255733489990e-01
1.955365240573883057e-01
1.247513592243194580e-01
1.297894120216369629e-01
1.172933280467987061e-01
9.344261884689331055e-02
5.230313539505004883e-02
1.881621479988098145e-01
7.087700366973876953e-01
8.629690408706665039e-01
8.480316400527954102e-01
7.738152742385864258e-01
4.367613792419433594e-01
1.705053150653839111e-01
1.267180144786834717e-01
1.311297118663787842e-01
1.119634211063385010e-01
1.062808334827423096e-01
7.503360509872436523e-02
9.054738283157348633e-02
5.952197313308715820e-02
1.056471168994903564e-01
6.526768207550048828e-02
5.245232582092285156e-02
6.434726715087890625e-02
6.432157754898071289e-02
7.720690965652465820e-02
8.186638355255126953e-02
7.290905714035034180e-02
4.803699254989624023e-02
4.347324371337890625e-02
4.653972387313842773e-02
4.736733436584472656e-02
5.112266540527343750e-02
8.872455358505249023e-02
8.043122291564941406e-02
7.590663433074951172e-02
6.598025560379028320e-02
8.703124523162841797e-02
1.121718585491180420e-01
1.103037893772125244e-01
1.183415353298187256e-01
1.398252546787261963e-01
1.806547641754150391e-01
6.954972147941589355e-01
9.180617928504943848e-01
9.156554937362670898e-01
8.774679899215698242e-01
6.084032654762268066e-01
3.230555951595306396e-01
2.919623553752899170e-01
2.706188261508941650e-01
2.669357061386108398e-01
2.486364543437957764e-01
2.262176871299743652e-01
3.572147488594055176e-01
8.165535330772399902e-01
9.866119623184204102e-01
9.479374885559082031e-01
9.121093750000000000e-01
6.502955555915832520e-01
3.116419613361358643e-01
1.782850921154022217e-01
1.845152080059051514e-01
1.698663532733917236e-01
1.707276105880737305e-01
1.592953801155090332e-01
2.987594902515411377e-01
7.856525778770446777e-01
9.010934829711914062e-01
8.913695812225341797e-01
8.596016168594360352e-01
5.318735837936401367e-01
2.467367351055145264e-01
2.250428795814514160e-01
2.071828246116638184e-01
1.929506063461303711e-01
1.565245687961578369e-01
1.345428228378295898e-01
3.225955665111541748e-01
7.619574069976806641e-01
9.552590847015380859e-01
9.568594694137573242e-01
9.222966432571411133e-01
5.633538961410522461e-01
2.582069933414459229e-01
2.141869366168975830e-01
2.082495093345642090e-01
1.926586925983428955e-01
1.592662930488586426e-01
1.894989311695098877e-01
3.104017674922943115e-01
7.573148608207702637e-01
9.320865869522094727e-01
9.102888703346252441e-01
8.342044353485107422e-01
5.427966117858886719e-01
2.426117062568664551e-01
1.585190594196319580e-01
2.208069562911987305e-01
1.321510970592498779e-01
1.363360285758972168e-01
1.555774509906768799e-01
1.655618846416473389e-01
1.049245893955230713e-01
-1.090145111083984375e-02
7.108515501022338867e-02
8.607017993927001953e-02
3.515958786010742188e-02
7.109886407852172852e-02
6.613057851791381836e-02
6.640869379043579102e-02
5.741900205612182617e-02
5.061888694763183594e-02
3.624534606933593750e-02
4.782688617706298828e-02
5.545812845230102539e-02
6.253260374069213867e-02
5.902445316314697266e-02
5.754059553146362305e-02
5.466043949127197266e-02
2.746134996414184570e-02
6.813949346542358398e-02
5.432409048080444336e-02
2.995651960372924805e-02
5.803406238555908203e-02
1.041899323463439941e-01
8.258080482482910156e-02
6.288310289382934570e-01
8.765178918838500977e-01
8.534593582153320312e-01
7.855527997016906738e-01
5.320441126823425293e-01
2.002728879451751709e-01
1.166943609714508057e-01
1.773231327533721924e-01
1.483018398284912109e-01
1.395812630653381348e-01
1.239604055881500244e-01
2.214433550834655762e-01
7.786421775817871094e-01
8.735799789428710938e-01
8.047409057617187500e-01
9.279244542121887207e-01
5.834162235260009766e-01
2.249166071414947510e-01
1.725757420063018799e-01
1.959719955921173096e-01
1.885669529438018799e-01
1.755598485469818115e-01
1.682791113853454590e-01
2.965496778488159180e-01
7.835643291473388672e-01
8.939831256866455078e-01
8.923901319503784180e-01
8.053501844406127930e-01
5.052639245986938477e-01
2.217260003089904785e-01
1.775441467761993408e-01
1.329327821731567383e-01
1.352444887161254883e-01
1.233685910701751709e-01
1.086282432079315186e-01
2.589102983474731445e-01
7.387825250625610352e-01
9.266251325607299805e-01
9.366165995597839355e-01
9.227687120437622070e-01
5.399503111839294434e-01
2.426498234272003174e-01
1.559100151062011719e-01
2.079693675041198730e-01
2.105009257793426514e-01
1.873402893543243408e-01
1.768522560596466064e-01
2.965615391731262207e-01
8.044312596321105957e-01
8.746298551559448242e-01
8.632622957229614258e-01
8.158206343650817871e-01
5.328563451766967773e-01
2.221262753009796143e-01
1.547349691390991211e-01
1.400437653064727783e-01
1.091013252735137939e-01
8.515489101409912109e-02
1.127394139766693115e-01
1.055694818496704102e-01
2.750062942504882812e-02
5.612349510192871094e-02
6.582736968994140625e-02
4.972815513610839844e-02
4.583096504211425781e-02
5.618357658386230469e-02
7.419741153717041016e-02
5.532407760620117188e-02
6.927162408828735352e-02
6.128662824630737305e-02
5.607903003692626953e-02
5.829966068267822266e-02
6.716543436050415039e-02
6.175708770751953125e-02
6.024080514907836914e-02
7.096534967422485352e-02
7.213872671127319336e-02
9.147995710372924805e-02
8.266878128051757812e-02
9.202861785888671875e-02
1.330885887145996094e-01
7.372194528579711914e-02
1.202037930488586426e-01
2.342172563076019287e-01
7.437944412231445312e-01
9.244370460510253906e-01
9.480695128440856934e-01
9.309686422348022461e-01
6.531980037689208984e-01
3.084421455860137939e-01
1.805696785449981689e-01
1.776936054229736328e-01
1.427041292190551758e-01
1.329389512538909912e-01
1.744391024112701416e-01
3.130763471126556396e-01
8.071342706680297852e-01
9.757874011993408203e-01
9.669948816299438477e-01
8.933880925178527832e-01
5.602994561195373535e-01
2.641692459583282471e-01
2.562928199768066406e-01
2.493593990802764893e-01
2.254166901111602783e-01
2.095166444778442383e-01
1.790510416030883789e-01
3.281878530979156494e-01
8.209337592124938965e-01
9.415947794914245605e-01
9.222419261932373047e-01
9.225993156433105469e-01
6.040390133857727051e-01
3.087351322174072266e-01
2.418315708637237549e-01
2.436458468437194824e-01
2.592841088771820068e-01
2.266144752502441406e-01
2.170004248619079590e-01
3.376957476139068604e-01
7.893475294113159180e-01
8.446696996688842773e-01
8.997178673744201660e-01
8.407908082008361816e-01
5.546648502349853516e-01
2.411457896232604980e-01
1.519688665866851807e-01
1.729290187358856201e-01
1.678448319435119629e-01
1.150893867015838623e-01
1.338638067245483398e-01
2.739978432655334473e-01
7.730892896652221680e-01
9.645737409591674805e-01
9.271811246871948242e-01
7.612988352775573730e-01
5.106799602508544922e-01
2.452540397644042969e-01
1.437333822250366211e-01
1.516851782798767090e-01
1.384020149707794189e-01
1.504573523998260498e-01
1.317242085933685303e-01
1.549748480319976807e-01
1.422931253910064697e-01
1.516106128692626953e-01
6.907254457473754883e-02
6.765449047088623047e-02
1.009075343608856201e-01
1.137268543243408203e-01
9.874320030212402344e-02
8.006620407104492188e-02
6.012934446334838867e-02
5.360519886016845703e-02
5.250895023345947266e-02
5.447155237197875977e-02
4.773133993148803711e-02
4.982393980026245117e-02
4.624837636947631836e-02
4.546821117401123047e-02
4.626721143722534180e-02
3.096461296081542969e-02
2.227962017059326172e-02
3.827416896820068359e-02
7.179844379425048828e-02
5.728363990783691406e-02
4.292356967926025391e-02
1.478682756423950195e-01
3.465678095817565918e-01
7.373290061950683594e-01
7.912381887435913086e-01
8.000562787055969238e-01
5.520997643470764160e-01
2.539249956607818604e-01
2.332929074764251709e-01
2.438367903232574463e-01
2.363087236881256104e-01
2.281907796859741211e-01
2.254754900932312012e-01
2.941069304943084717e-01
7.947614789009094238e-01
8.491006493568420410e-01
8.883582353591918945e-01
7.809991836547851562e-01
5.524979829788208008e-01
2.923101782798767090e-01
2.640404403209686279e-01
2.298254370689392090e-01
2.355220019817352295e-01
2.109228074550628662e-01
1.832895576953887939e-01
2.822342216968536377e-01
7.762932777404785156e-01
9.254269599914550781e-01
9.372788667678833008e-01
7.827595472335815430e-01
5.785617232322692871e-01
2.816021442413330078e-01
1.969659626483917236e-01
1.796551346778869629e-01
1.638405621051788330e-01
1.558389365673065186e-01
1.446059048175811768e-01
2.297499179840087891e-01
7.207065224647521973e-01
8.269306421279907227e-01
7.919161319732666016e-01
7.727758884429931641e-01
4.715538620948791504e-01
2.346819639205932617e-01
1.786966919898986816e-01
1.598747074604034424e-01
1.591674983501434326e-01
1.554702222347259521e-01
1.407231986522674561e-01
2.521170675754547119e-01
7.807644605636596680e-01
9.278360605239868164e-01
8.815071582794189453e-01
7.734531164169311523e-01
4.288256466388702393e-01
1.363383531570434570e-01
1.769647002220153809e-01
1.497603058815002441e-01
1.320097446441650391e-01
1.211067736148834229e-01
7.854646444320678711e-02
5.664837360382080078e-02
6.627970933914184570e-02
6.942260265350341797e-02
7.421237230300903320e-02
5.302911996841430664e-02
5.089682340621948242e-02
5.686861276626586914e-02
5.586320161819458008e-02
5.368107557296752930e-02
5.376130342483520508e-02
4.545456171035766602e-02
3.839236497879028320e-02
2.109980583190917969e-02
4.464864730834960938e-02
5.515074729919433594e-02
3.142523765563964844e-02
2.316075563430786133e-02
4.916906356811523438e-02
4.362887144088745117e-02
4.756885766983032227e-02
6.398814916610717773e-02
5.972552299499511719e-02
4.510796070098876953e-02
5.616569519042968750e-02
6.199681758880615234e-02
7.234666347503662109e-01
8.187934160232543945e-01
8.172824382781982422e-01
7.728264331817626953e-01
5.467606186866760254e-01
2.495438158512115479e-01
1.990163326263427734e-01
2.269062697887420654e-01
1.983918845653533936e-01
1.735134124755859375e-01
1.707115471363067627e-01
3.326920866966247559e-01
8.136563897132873535e-01
9.487344026565551758e-01
9.586823582649230957e-01
8.704780340194702148e-01
5.885325074195861816e-01
2.474151253700256348e-01
1.636704206466674805e-01
1.536267101764678955e-01
1.401260197162628174e-01
1.461439728736877441e-01
1.425783634185791016e-01
2.822437286376953125e-01
7.413342595100402832e-01
9.022943973541259766e-01
8.451657295227050781e-01
8.300545215606689453e-01
4.798583090305328369e-01
2.199998795986175537e-01
1.605943441390991211e-01
1.682517826557159424e-01
1.635690033435821533e-01
1.574774980545043945e-01
1.541777849197387695e-01
2.553580701351165771e-01
7.315411567687988281e-01
8.571724295616149902e-01
9.177323579788208008e-01
8.561009168624877930e-01
4.767314493656158447e-01
1.710977256298065186e-01
1.317276954650878906e-01
1.502519249916076660e-01
1.320607960224151611e-01
1.201542019844055176e-01
1.004308164119720459e-01
1.761663556098937988e-01
6.887066364288330078e-01
8.914989233016967773e-01
8.043288588523864746e-01
6.777889728546142578e-01
3.045133650302886963e-01
1.347332894802093506e-01
1.224081218242645264e-01
1.022658050060272217e-01
9.214168787002563477e-02
5.996167659759521484e-02
2.827411890029907227e-02
3.586882352828979492e-02
9.371662139892578125e-02
6.404566764831542969e-02
5.495160818099975586e-02
6.230652332305908203e-02
5.596178770065307617e-02
4.808109998703002930e-02
5.278629064559936523e-02
4.404944181442260742e-02
4.465657472610473633e-02
4.853188991546630859e-02
4.247462749481201172e-02
4.985707998275756836e-02
4.419696331024169922e-02
3.808051347732543945e-02
3.697860240936279297e-02
2.496308088302612305e-02
2.487051486968994141e-02
3.262257575988769531e-02
5.389541387557983398e-02
6.985670328140258789e-02
7.400506734848022461e-02
8.274257183074951172e-02
7.854616641998291016e-02
7.955962419509887695e-02
7.317569851875305176e-01
8.308745622634887695e-01
8.025127053260803223e-01
7.623925209045410156e-01
5.318535566329956055e-01
2.473801970481872559e-01
2.012508809566497803e-01
1.736246645450592041e-01
1.440884172916412354e-01
1.437215507030487061e-01
1.103145182132720947e-01
2.156796753406524658e-01
7.468261718750000000e-01
9.186556339263916016e-01
8.770062923431396484e-01
7.859233617782592773e-01
5.232732295989990234e-01
2.217666804790496826e-01
1.564079821109771729e-01
1.552197933197021484e-01
1.260921657085418701e-01
1.194958984851837158e-01
1.144056916236877441e-01
2.707926332950592041e-01
7.472901344299316406e-01
8.799527883529663086e-01
9.453117847442626953e-01
8.183248639106750488e-01
5.345721840858459473e-01
2.100258171558380127e-01
2.048430740833282471e-01
1.569205820560455322e-01
1.015481650829315186e-01
1.428152024745941162e-01
1.526253223419189453e-01
2.268978953361511230e-01
7.010003924369812012e-01
8.587861657142639160e-01
9.068823456764221191e-01
8.332798480987548828e-01
5.320354700088500977e-01
2.175929844379425049e-01
1.445608735084533691e-01
1.637771725654602051e-01
1.339090466499328613e-01
1.116613149642944336e-01
1.019758880138397217e-01
2.750928103923797607e-01
7.524371743202209473e-01
8.870148658752441406e-01
8.590975999832153320e-01
7.932029962539672852e-01
4.447253048419952393e-01
1.287287175655364990e-01
1.607487201690673828e-01
1.060165464878082275e-01
6.797391176223754883e-02
5.685615539550781250e-02
4.062241315841674805e-02
8.625924587249755859e-03
3.978484869003295898e-02
6.034845113754272461e-02
6.283378601074218750e-02
5.068218708038330078e-02
6.268256902694702148e-02
2.806329727172851562e-02
4.699468612670898438e-02
4.488939046859741211e-02
3.243046998977661133e-02
2.289617061614990234e-02
4.204732179641723633e-02
3.820192813873291016e-02
4.888665676116943359e-02
6.018608808517456055e-02
4.886680841445922852e-02
6.774967908859252930e-02
7.833242416381835938e-02
5.999553203582763672e-02
7.452899217605590820e-02
4.850256443023681641e-02
2.008539438247680664e-02
9.444665908813476562e-02
1.075961887836456299e-01
1.037057936191558838e-01
7.138894796371459961e-01
9.343190193176269531e-01
9.020979404449462891e-01
8.498551249504089355e-01
5.837687253952026367e-01
2.549213469028472900e-01
1.781381964683532715e-01
1.675109863281250000e-01
1.543483436107635498e-01
1.395377516746520996e-01
1.583260595798492432e-01
3.214315176010131836e-01
8.129792809486389160e-01
9.247153997421264648e-01
9.176490306854248047e-01
8.079038262367248535e-01
5.638504624366760254e-01
2.505052685737609863e-01
2.081987559795379639e-01
1.918748915195465088e-01
1.516876518726348877e-01
1.554860174655914307e-01
1.529440283775329590e-01
3.084588050842285156e-01
7.967017889022827148e-01
9.535719156265258789e-01
9.527951478958129883e-01
8.500334620475769043e-01
5.720360875129699707e-01
2.855023741722106934e-01
1.851623058319091797e-01
1.815178692340850830e-01
1.762640476226806641e-01
1.724195480346679688e-01
1.514692008495330811e-01
3.128505349159240723e-01
7.702509760856628418e-01
8.867384195327758789e-01
9.629456400871276855e-01
8.529170751571655273e-01
5.158250927925109863e-01
2.550221979618072510e-01
2.112232744693756104e-01
1.962270438671112061e-01
1.870025396347045898e-01
1.831273138523101807e-01
1.753789782524108887e-01
3.200937509536743164e-01
7.862775325775146484e-01
8.488267660140991211e-01
8.139802217483520508e-01
7.768640518188476562e-01
5.319008827209472656e-01
1.926710605621337891e-01
1.566196382045745850e-01
1.061415970325469971e-01
1.083619296550750732e-01
8.952742815017700195e-02
7.641476392745971680e-02
5.652898550033569336e-02
7.536768913269042969e-02
7.070606946945190430e-02
5.237066745758056641e-02
3.193783760070800781e-02
5.220633745193481445e-02
5.386126041412353516e-02
8.356606960296630859e-02
9.966492652893066406e-02
8.748531341552734375e-02
7.163107395172119141e-02
6.774169206619262695e-02
6.731247901916503906e-02
7.974100112915039062e-02
1.127274930477142334e-01
1.222639381885528564e-01
1.130383908748626709e-01
9.613341093063354492e-02
1.185153424739837646e-01
1.275627017021179199e-01
1.214359104633331299e-01
1.311824917793273926e-01
1.596049666404724121e-01
1.902639567852020264e-01
2.215908765792846680e-01
7.431967258453369141e-01
8.023406863212585449e-01
7.522486448287963867e-01
7.701233029365539551e-01
5.411745905876159668e-01
3.045399188995361328e-01
2.426300942897796631e-01
2.403182685375213623e-01
2.591720521450042725e-01
2.733561098575592041e-01
2.962796390056610107e-01
3.871208727359771729e-01
8.494253158569335938e-01
1.020132660865783691e+00
9.668704271316528320e-01
8.866993188858032227e-01
6.763276457786560059e-01
4.186636805534362793e-01
3.190436959266662598e-01
2.665267884731292725e-01
2.554451525211334229e-01
2.529105246067047119e-01
2.592962980270385742e-01
4.136199355125427246e-01
7.829394340515136719e-01
9.177798628807067871e-01
8.872324228286743164e-01
8.616094589233398438e-01
6.489766836166381836e-01
3.753077089786529541e-01
2.889866232872009277e-01
2.557929456233978271e-01
2.727428078651428223e-01
2.762548923492431641e-01
2.534439563751220703e-01
3.757168054580688477e-01
7.959516048431396484e-01
9.708126187324523926e-01
9.588745832443237305e-01
9.349471330642700195e-01
6.328904032707214355e-01
3.424419164657592773e-01
2.060202658176422119e-01
1.662987172603607178e-01
1.313771903514862061e-01
1.426309049129486084e-01
1.697328686714172363e-01
3.017449676990509033e-01
7.812808752059936523e-01
8.992369174957275391e-01
8.482226729393005371e-01
7.833812236785888672e-01
5.431312322616577148e-01
2.533383369445800781e-01
1.968681216239929199e-01
1.454134881496429443e-01
9.240305423736572266e-02
1.142904162406921387e-01
8.369427919387817383e-02
7.394927740097045898e-02
2.252626419067382812e-02
4.367256164550781250e-02
3.802084922790527344e-02
4.730492830276489258e-02
3.512233495712280273e-02
5.803292989730834961e-02
1.294507086277008057e-01
1.750085949897766113e-01
2.127145826816558838e-01
1.470053195953369141e-01
9.557902812957763672e-02
1.498642563819885254e-01
1.385647654533386230e-01
1.190120875835418701e-01
1.789981424808502197e-01
2.242995500564575195e-01
1.945915520191192627e-01
2.023207247257232666e-01
2.218161821365356445e-01
1.945958733558654785e-01
8.747452497482299805e-02
5.011451244354248047e-02
9.987998008728027344e-02
6.908458471298217773e-02
7.026314139366149902e-01
8.913761377334594727e-01
8.208553194999694824e-01
8.301220536231994629e-01
6.127779483795166016e-01
3.387046456336975098e-01
2.247650623321533203e-01
1.697379648685455322e-01
1.777301430702209473e-01
1.791300773620605469e-01
1.796796619892120361e-01
3.144594728946685791e-01
8.162031173706054688e-01
9.917432069778442383e-01
9.745601415634155273e-01
9.330804347991943359e-01
6.175177097320556641e-01
3.185018002986907959e-01
2.291080951690673828e-01
2.287053763866424561e-01
1.959064900875091553e-01
1.853495538234710693e-01
2.164848446846008301e-01
3.203974366188049316e-01
8.545985221862792969e-01
9.934484958648681641e-01
9.058170318603515625e-01
8.351293802261352539e-01
5.874132513999938965e-01
3.639050722122192383e-01
2.829703092575073242e-01
2.314936816692352295e-01
2.163907587528228760e-01
2.082844674587249756e-01
1.808601021766662598e-01
3.201954066753387451e-01
8.057655096054077148e-01
9.597313404083251953e-01
8.883299231529235840e-01
8.615805506706237793e-01
6.479575037956237793e-01
3.720153868198394775e-01
2.356491088867187500e-01
2.099965810775756836e-01
1.760658025741577148e-01
1.384786665439605713e-01
1.374045610427856445e-01
3.306304216384887695e-01
8.506514430046081543e-01
9.793472290039062500e-01
9.273793101310729980e-01
8.703799247741699219e-01
5.240479707717895508e-01
2.777620851993560791e-01
2.256188690662384033e-01
1.701305508613586426e-01
1.500408053398132324e-01
1.303458809852600098e-01
1.096620261669158936e-01
1.759965717792510986e-01
1.086913049221038818e-01
1.127173006534576416e-01
7.217353582382202148e-02
5.916082859039306641e-02
5.464595556259155273e-02
6.008797883987426758e-02
6.130689382553100586e-02
6.091320514678955078e-02
6.124669313430786133e-02
5.344706773757934570e-02
5.330252647399902344e-02
5.071324110031127930e-02
4.714453220367431641e-02
3.066849708557128906e-02
2.391850948333740234e-02
3.833037614822387695e-02
6.708276271820068359e-02
5.050390958786010742e-02
4.234832525253295898e-02
5.253708362579345703e-02
4.936134815216064453e-02
6.435418128967285156e-02
1.177763938903808594e-01
2.923877239227294922e-01
7.929255962371826172e-01
9.351471662521362305e-01
9.465517401695251465e-01
8.913464546203613281e-01
6.113284826278686523e-01
3.199377655982971191e-01
2.546142935752868652e-01
2.343678772449493408e-01
2.317938506603240967e-01
2.178533375263214111e-01
2.143747806549072266e-01
3.501547574996948242e-01
8.140765428543090820e-01
9.339557886123657227e-01
9.649431705474853516e-01
8.684027194976806641e-01
5.670369267463684082e-01
2.733837664127349854e-01
2.626714110374450684e-01
2.377106249332427979e-01
1.969927251338958740e-01
1.580154299736022949e-01
1.519786119461059570e-01
3.252610266208648682e-01
7.436693310737609863e-01
9.228351116180419922e-01
8.969178795814514160e-01
8.567147254943847656e-01
5.552437901496887207e-01
2.845001518726348877e-01
1.750616133213043213e-01
1.695785224437713623e-01
1.440145373344421387e-01
1.526701152324676514e-01
1.686260998249053955e-01
2.604224681854248047e-01
7.612214684486389160e-01
9.554699063301086426e-01
9.598709940910339355e-01
8.757321834564208984e-01
5.442665219306945801e-01
2.362085580825805664e-01
1.575737893581390381e-01
1.388442516326904297e-01
1.213260889053344727e-01
1.195654869079589844e-01
1.084039211273193359e-01
2.796349823474884033e-01
7.314738631248474121e-01
7.835247516632080078e-01
8.915912508964538574e-01
7.886533141136169434e-01
4.919390082359313965e-01
2.021258175373077393e-01
1.438978016376495361e-01
1.235656738281250000e-01
1.101127564907073975e-01
1.219476759433746338e-01
8.912980556488037109e-02
1.340504288673400879e-01
9.249013662338256836e-02
1.066341996192932129e-01
6.845301389694213867e-02
5.541753768920898438e-02
4.520529508590698242e-02
5.966281890869140625e-02
5.699044466018676758e-02
6.817859411239624023e-02
5.300831794738769531e-02
4.791617393493652344e-02
5.275416374206542969e-02
4.605859518051147461e-02
3.550797700881958008e-02
2.674043178558349609e-02
4.041653871536254883e-02
3.218901157379150391e-02
3.289550542831420898e-02
5.881398916244506836e-02
5.909866094589233398e-02
3.869378566741943359e-02
5.916213989257812500e-02
4.529625177383422852e-02
1.511591672897338867e-02
4.181414842605590820e-02
6.672561168670654297e-01
9.780299067497253418e-01
9.470364451408386230e-01
8.803981542587280273e-01
6.251913309097290039e-01
2.807303667068481445e-01
1.432185173034667969e-01
1.197783350944519043e-01
1.132689714431762695e-01
1.312716007232666016e-01
1.281089782714843750e-01
2.923628389835357666e-01
7.875399589538574219e-01
1.007820725440979004e+00
9.625608921051025391e-01
8.938962221145629883e-01
5.927432179450988770e-01
2.423887848854064941e-01
1.658074557781219482e-01
1.325914561748504639e-01
1.126234233379364014e-01
1.147550046443939209e-01
1.081770062446594238e-01
2.278308272361755371e-01
7.940881848335266113e-01
9.502964615821838379e-01
9.485809803009033203e-01
8.667064309120178223e-01
5.447955131530761719e-01
2.403115332126617432e-01
2.143665552139282227e-01
1.731542944908142090e-01
1.190264821052551270e-01
1.132350564002990723e-01
1.123078763484954834e-01
2.366788685321807861e-01
7.923060059547424316e-01
9.340661764144897461e-01
9.700987935066223145e-01
9.033215045928955078e-01
5.683698654174804688e-01
2.232600152492523193e-01
1.613973379135131836e-01
1.086629629135131836e-01
7.183969020843505859e-02
2.624994516372680664e-02
6.150227785110473633e-02
2.199908494949340820e-01
7.784920930862426758e-01
9.185674190521240234e-01
9.014143943786621094e-01
7.697849273681640625e-01
5.254662036895751953e-01
2.115095853805541992e-01
1.958259344100952148e-01
1.890971362590789795e-01
1.672064960002899170e-01
1.267922520637512207e-01
1.195316612720489502e-01
1.489553749561309814e-01
4.080766439437866211e-02
9.957224130630493164e-02
6.931400299072265625e-02
7.199013233184814453e-02
5.116206407546997070e-02
7.496887445449829102e-02
7.617378234863281250e-02
6.488937139511108398e-02
4.931986331939697266e-02
5.071383714675903320e-02
4.304909706115722656e-02
4.544687271118164062e-02
5.846095085144042969e-02
5.198705196380615234e-02
4.324764013290405273e-02
4.128563404083251953e-02
3.399318456649780273e-02
4.514616727828979492e-02
4.982650279998779297e-02
6.522482633590698242e-02
6.967139244079589844e-02
8.634948730468750000e-02
8.769917488098144531e-02
1.065152585506439209e-01
7.203225493431091309e-01
8.143191337585449219e-01
8.592784404754638672e-01
7.617141008377075195e-01
5.813019275665283203e-01
3.393179774284362793e-01
2.074937820434570312e-01
1.653915345668792725e-01
1.407987475395202637e-01
1.484238207340240479e-01
1.549662053585052490e-01
3.221004307270050049e-01
8.174359202384948730e-01
8.975995182991027832e-01
8.815578818321228027e-01
7.985060811042785645e-01
5.748679637908935547e-01
2.724067866802215576e-01
2.233704626560211182e-01
1.618007123470306396e-01
1.434347927570343018e-01
9.932184219360351562e-02
1.114736497402191162e-01
2.858688235282897949e-01
7.807939648628234863e-01
8.964097499847412109e-01
9.161829948425292969e-01
8.208946585655212402e-01
5.605573654174804688e-01
3.096191585063934326e-01
2.090145647525787354e-01
1.950851976871490479e-01
1.879253387451171875e-01
1.824952661991119385e-01
1.880986988544464111e-01
3.188885748386383057e-01
8.149075508117675781e-01
9.555077552795410156e-01
9.390475153923034668e-01
9.328461885452270508e-01
6.043116450309753418e-01
3.213827311992645264e-01
1.867025494575500488e-01
1.716581881046295166e-01
1.368475258350372314e-01
9.704095125198364258e-02
1.157228350639343262e-01
2.995831668376922607e-01
7.514876127243041992e-01
9.258766174316406250e-01
8.854606151580810547e-01
7.843071222305297852e-01
4.626921415328979492e-01
1.788806319236755371e-01
1.462543606758117676e-01
1.206649243831634521e-01
1.149798631668090820e-01
1.188613176345825195e-01
7.908535003662109375e-02
1.033950746059417725e-01
4.841524362564086914e-02
8.805871009826660156e-02
6.406486034393310547e-02
5.394351482391357422e-02
5.607426166534423828e-02
3.888320922851562500e-02
5.247384309768676758e-02
4.624873399734497070e-02
5.535578727722167969e-02
4.808950424194335938e-02
4.874581098556518555e-02
3.978657722473144531e-02
3.268533945083618164e-02
3.509759902954101562e-02
4.597336053848266602e-02
4.267764091491699219e-02
5.872499942779541016e-02
7.412630319595336914e-02
1.138262748718261719e-01
9.398955106735229492e-02
6.376063823699951172e-02
1.296668052673339844e-01
1.673569381237030029e-01
1.979495584964752197e-01
7.226854562759399414e-01
9.406430721282958984e-01
9.290072917938232422e-01
9.261386990547180176e-01
6.409859061241149902e-01
2.931955754756927490e-01
2.646783292293548584e-01
2.543190717697143555e-01
2.513744831085205078e-01
1.890191137790679932e-01
2.011327445507049561e-01
3.626688718795776367e-01
8.304620385169982910e-01
9.692175388336181641e-01
9.318019151687622070e-01
8.924289941787719727e-01
5.907064080238342285e-01
2.994251549243927002e-01
2.263857722282409668e-01
1.945753693580627441e-01
1.679635047912597656e-01
1.656967997550964355e-01
1.499211490154266357e-01
2.775788605213165283e-01
7.210172414779663086e-01
7.886933088302612305e-01
8.046010732650756836e-01
7.091287970542907715e-01
5.006000399589538574e-01
2.145257890224456787e-01
1.432253718376159668e-01
1.149015128612518311e-01
5.911242961883544922e-02
3.581947088241577148e-02
1.609742641448974609e-02
1.456616818904876709e-01
7.426696419715881348e-01
8.539220094680786133e-01
8.553191423416137695e-01
7.981511354446411133e-01
4.453152716159820557e-01
1.578528583049774170e-01
1.126027405261993408e-01
1.144075691699981689e-01
8.768039941787719727e-02
7.429206371307373047e-02
7.380473613739013672e-02
2.159710526466369629e-01
7.698071599006652832e-01
8.903037309646606445e-01
8.425781130790710449e-01
7.877356410026550293e-01
5.612708926200866699e-01
2.121717929840087891e-01
1.668372452259063721e-01
1.644788086414337158e-01
1.480043530464172363e-01
1.586087644100189209e-01
1.412893831729888916e-01
1.756853163242340088e-01
9.726274013519287109e-02
1.303126513957977295e-01
1.053158342838287354e-01
6.039673089981079102e-02
7.017070055007934570e-02
8.762556314468383789e-02
9.660369157791137695e-02
7.916086912155151367e-02
7.049810886383056641e-02
7.031065225601196289e-02
7.571887969970703125e-02
7.131022214889526367e-02
6.444567441940307617e-02
1.047677695751190186e-01
1.136908531188964844e-01
7.929885387420654297e-02
9.148275852203369141e-02
8.637279272079467773e-02
8.936405181884765625e-02
6.829512119293212891e-02
1.034379601478576660e-01
9.653717279434204102e-02
8.734756708145141602e-02
1.316228508949279785e-01
7.341059446334838867e-01
9.153831005096435547e-01
8.465762734413146973e-01
8.063292503356933594e-01
5.821188688278198242e-01
2.752811908721923828e-01
2.150569558143615723e-01
1.994876265525817871e-01
2.121712565422058105e-01
2.010273039340972900e-01
1.843807995319366455e-01
3.432211577892303467e-01
8.210449218750000000e-01
9.815638661384582520e-01
9.706914424896240234e-01
8.589412569999694824e-01
6.291561722755432129e-01
3.024411201477050781e-01
1.887611150741577148e-01
1.860713362693786621e-01
1.387846171855926514e-01
1.330196261405944824e-01
1.246363818645477295e-01
3.040321171283721924e-01
7.880402207374572754e-01
9.447883367538452148e-01
9.358315467834472656e-01
8.632776737213134766e-01
5.672945976257324219e-01
2.706415355205535889e-01
2.313383817672729492e-01
2.245734930038452148e-01
1.796881556510925293e-01
1.507832109928131104e-01
1.595473885536193848e-01
3.192145526409149170e-01
8.740768432617187500e-01
9.912295341491699219e-01
9.838973283767700195e-01
9.419074058532714844e-01
6.143262386322021484e-01
3.228912055492401123e-01
1.709294915199279785e-01
1.899788081645965576e-01
1.383541822433471680e-01
1.332688033580780029e-01
1.291925013065338135e-01
2.983308434486389160e-01
7.283818721771240234e-01
9.363237023353576660e-01
9.356993436813354492e-01
8.760948181152343750e-01
4.879327714443206787e-01
1.527307927608489990e-01
1.193731427192687988e-01
1.103038489818572998e-01
1.375656723976135254e-01
1.010491847991943359e-01
7.467365264892578125e-02
1.565519273281097412e-01
1.089899539947509766e-01
1.642129719257354736e-01
8.415877819061279297e-02
6.092983484268188477e-02
4.729717969894409180e-02
5.193901062011718750e-02
7.078164815902709961e-02
6.020945310592651367e-02
4.909110069274902344e-02
4.403871297836303711e-02
3.831994533538818359e-02
4.906189441680908203e-02
3.948706388473510742e-02
5.214363336563110352e-02
5.162787437438964844e-02
5.039364099502563477e-02
3.205764293670654297e-02
4.947197437286376953e-02
5.540144443511962891e-02
4.958969354629516602e-02
3.578472137451171875e-02
4.592680931091308594e-02
6.703239679336547852e-02
1.158864796161651611e-01
7.038363218307495117e-01
9.653306007385253906e-01
9.564535617828369141e-01
8.907742500305175781e-01
6.004804372787475586e-01
2.557306587696075439e-01
1.491034626960754395e-01
1.483698487281799316e-01
8.335441350936889648e-02
5.226731300354003906e-02
8.979314565658569336e-02
2.595693469047546387e-01
7.811286449432373047e-01
9.934535026550292969e-01
9.421920776367187500e-01
8.610491752624511719e-01
5.412793159484863281e-01
2.347117364406585693e-01
1.540555357933044434e-01
1.419400572776794434e-01
8.504390716552734375e-02
1.053173840045928955e-01
9.076076745986938477e-02
2.322462201118469238e-01
6.504993438720703125e-01
8.724856972694396973e-01
8.885012865066528320e-01
8.531489372253417969e-01
5.229787826538085938e-01
2.362116873264312744e-01
1.480298042297363281e-01
1.433279812335968018e-01
1.297037899494171143e-01
1.010957360267639160e-01
1.163209974765777588e-01
3.012689650058746338e-01
7.925050258636474609e-01
9.402904510498046875e-01
9.486671686172485352e-01
8.976312875747680664e-01
6.028060913085937500e-01
2.999655306339263916e-01
1.925748288631439209e-01
1.852593421936035156e-01
8.215552568435668945e-02
6.430757045745849609e-02
1.164774894714355469e-01
2.971378564834594727e-01
7.530121803283691406e-01
8.207708597183227539e-01
9.103062152862548828e-01
7.825343608856201172e-01
5.053611397743225098e-01
1.990010142326354980e-01
1.333481967449188232e-01
1.227201819419860840e-01
1.358513832092285156e-01
1.016417443752288818e-01
7.255780696868896484e-02
1.265050172805786133e-01
2.284711599349975586e-02
8.452820777893066406e-02
5.856752395629882812e-02
4.392397403717041016e-02
4.446291923522949219e-02
2.932512760162353516e-02
4.148322343826293945e-02
3.793436288833618164e-02
3.852933645248413086e-02
2.582234144210815430e-02
2.413642406463623047e-02
2.146267890930175781e-02
3.891688585281372070e-02
3.948241472244262695e-02
2.496528625488281250e-02
9.980499744415283203e-03
2.094912528991699219e-02
5.329400300979614258e-02
5.110299587249755859e-02
7.656377553939819336e-02
9.886834025382995605e-02
5.613726377487182617e-02
7.501703500747680664e-02
1.170993745326995850e-01
7.097369432449340820e-01
9.232703447341918945e-01
9.221073389053344727e-01
8.885147571563720703e-01
5.899735093116760254e-01
2.257050573825836182e-01
1.690899133682250977e-01
1.572103500366210938e-01
1.629360914230346680e-01
1.435469985008239746e-01
1.369653344154357910e-01
2.960122823715209961e-01
8.022667765617370605e-01
1.000091314315795898e+00
9.216219186782836914e-01
8.729542493820190430e-01
5.780059695243835449e-01
2.408287525177001953e-01
1.521434187889099121e-01
1.612328290939331055e-01
1.535811722278594971e-01
1.075564622879028320e-01
9.133845567703247070e-02
2.247257530689239502e-01
7.817782163619995117e-01
9.235883951187133789e-01
9.175132513046264648e-01
8.812615275382995605e-01
5.507431030273437500e-01
2.451478242874145508e-01
1.936787962913513184e-01
1.963145732879638672e-01
1.836692988872528076e-01
1.514013409614562988e-01
1.449720859527587891e-01
2.884611785411834717e-01
7.550405263900756836e-01
9.585433006286621094e-01
9.642413854598999023e-01
9.199758768081665039e-01
5.848259329795837402e-01
2.726674079895019531e-01
1.683013141155242920e-01
1.594792306423187256e-01
1.284630596637725830e-01
5.596327781677246094e-02
9.273535013198852539e-02
3.028589189052581787e-01
7.661100625991821289e-01
9.202979207038879395e-01
8.863632678985595703e-01
7.691514492034912109e-01
4.649806320667266846e-01
1.669689714908599854e-01
1.049961149692535400e-01
1.320476830005645752e-01
6.961017847061157227e-02
1.031942069530487061e-01
7.737076282501220703e-02
7.598513364791870117e-02
4.905503988265991211e-02
6.768810749053955078e-02
5.568164587020874023e-02
5.009806156158447266e-02
4.821068048477172852e-02
4.711246490478515625e-02
5.137211084365844727e-02
4.664945602416992188e-02
3.620481491088867188e-02
3.384524583816528320e-02
4.632407426834106445e-02
2.219051122665405273e-02
1.826328039169311523e-02
5.884039402008056641e-02
6.014657020568847656e-02
4.631668329238891602e-02
4.549700021743774414e-02
4.804694652557373047e-02
6.455248594284057617e-02
8.453893661499023438e-02
