7.479125261306762695e-02
2.580018155276775360e-02
1.605487801134586334e-02
1.389986090362071991e-02
1.165113411843776703e-02
9.348982013761997223e-03
7.973408326506614685e-03
7.374648004770278931e-03
6.984659936279058456e-03
6.727593950927257538e-03
6.579883396625518799e-03
6.524313241243362427e-03
6.591279990971088409e-03
6.554118357598781586e-03
6.374808959662914276e-03
6.267933174967765808e-03
6.171758286654949188e-03
6.060866639018058777e-03
5.944232922047376633e-03
5.828857887536287308e-03
5.712521728128194809e-03
5.588695406913757324e-03
5.458096042275428772e-03
5.333372857421636581e-03
5.231594201177358627e-03
5.162913817912340164e-03
5.123278126120567322e-03
5.095870234072208405e-03
5.062147043645381927e-03
5.007814150303602219e-03
4.927103407680988312e-03
4.819756839424371719e-03
4.690070170909166336e-03
4.551928490400314331e-03
4.460063762962818146e-03
4.380304366350173950e-03
4.317551385611295700e-03
4.280728753656148911e-03
4.269378259778022766e-03
4.244325682520866394e-03
4.205511417239904404e-03
4.167187493294477463e-03
4.141036886721849442e-03
4.148662555962800980e-03
4.203490447252988815e-03
4.178565926849842072e-03
4.171522799879312515e-03
4.155934788286685944e-03
4.148899577558040619e-03
4.150765482336282730e-03
4.167594946920871735e-03
4.216220695525407791e-03
4.266619682312011719e-03
4.249593708664178848e-03
4.212671425193548203e-03
4.159551113843917847e-03
4.100896418094635010e-03
4.053060896694660187e-03
4.021995235234498978e-03
4.004003480076789856e-03
3.990846686065196991e-03
3.973509185016155243e-03
3.946918062865734100e-03
3.912127111107110977e-03
3.873477689921855927e-03
3.834432922303676605e-03
3.796451259404420853e-03
3.759959479793906212e-03
3.725051647052168846e-03
3.691695630550384521e-03
3.659867914393544197e-03
3.629566868767142296e-03
3.600758966058492661e-03
3.573322668671607971e-03
3.547101747244596481e-03
3.522023092955350876e-03
3.498190082609653473e-03
3.475839039310812950e-03
3.455116879194974899e-03
3.435881342738866806e-03
3.417552914470434189e-03
3.398991422727704048e-03
3.379007335752248764e-03
3.357411827892065048e-03
3.332771826535463333e-03
3.302581841126084328e-03
3.266932908445596695e-03
3.226484637707471848e-03
3.182040061801671982e-03
3.140905406326055527e-03
3.119802335277199745e-03
3.124559065327048302e-03
3.145082388073205948e-03
3.172951284795999527e-03
3.203935455530881882e-03
3.237824421375989914e-03
3.269885201007127762e-03
3.287192201241850853e-03
3.268222557380795479e-03
3.194671124219894409e-03
3.076497931033372879e-03
2.962145721539855003e-03
2.903496846556663513e-03
2.915102057158946991e-03
3.013944020494818687e-03
3.253222443163394928e-03
3.569725900888442993e-03
3.558183088898658752e-03
3.266491694375872612e-03
3.096319735050201416e-03
3.033598186448216438e-03
2.987281652167439461e-03
2.951522590592503548e-03
2.931765746325254440e-03
2.912021242082118988e-03
2.893376862630248070e-03
2.873600460588932037e-03
2.854703227058053017e-03
2.831270219758152962e-03
2.800617134198546410e-03
2.753840992227196693e-03
2.722604665905237198e-03
2.699449658393859863e-03
2.690522000193595886e-03
2.669370733201503754e-03
2.659098710864782333e-03
2.649189671501517296e-03
2.643628744408488274e-03
2.633807016536593437e-03
2.627032808959484100e-03
2.617849037051200867e-03
2.610593801364302635e-03
2.603253116831183434e-03
2.597141778096556664e-03
2.591590629890561104e-03
2.586393849924206734e-03
2.581400331109762192e-03
2.575753256678581238e-03
2.569950185716152191e-03
2.562070963904261589e-03
2.554982900619506836e-03
2.539496868848800659e-03
2.546710660681128502e-03
2.508505713194608688e-03
2.593609504401683807e-03
2.517549088224768639e-03
2.465129364281892776e-03
2.435740316286683083e-03
2.404275350272655487e-03
2.381881000474095345e-03
2.369592897593975067e-03
2.352922689169645309e-03
2.337493700906634331e-03
2.343172905966639519e-03
2.346090273931622505e-03
2.391981892287731171e-03
2.386291744187474251e-03
2.341660670936107635e-03
2.298984210938215256e-03
2.344881417229771614e-03
2.433498157188296318e-03
2.438245574012398720e-03
2.271704142913222313e-03
2.337390556931495667e-03
2.385044936090707779e-03
2.324763219803571701e-03
2.255153376609086990e-03
2.253080951049923897e-03
2.408695872873067856e-03
2.272539306432008743e-03
2.230592537671327591e-03
2.177316928282380104e-03
2.204483142122626305e-03
2.192376181483268738e-03
2.190153114497661591e-03
2.151748863980174065e-03
2.146375831216573715e-03
2.124412450939416885e-03
2.270370721817016602e-03
2.307979157194495201e-03
2.527223899960517883e-03
2.874213736504316330e-03
2.624972723424434662e-03
2.218460896983742714e-03
2.137260278686881065e-03
2.261981600895524025e-03
2.238166518509387970e-03
2.309131203219294548e-03
2.286245115101337433e-03
2.187447156757116318e-03
2.722334582358598709e-03
2.349755726754665375e-03
2.194760832935571671e-03
2.254738472402095795e-03
2.272384939715266228e-03
2.276692772284150124e-03
2.257707528769969940e-03
2.165075857192277908e-03
2.280474407598376274e-03
2.210722072049975395e-03
2.316275145858526230e-03
2.181678311899304390e-03
2.274392871186137199e-03
2.145923208445310593e-03
2.181163989007472992e-03
2.157256938517093658e-03
2.636360004544258118e-03
2.282140776515007019e-03
2.298839157447218895e-03
2.190459985285997391e-03
2.228196477517485619e-03
2.367593813687562943e-03
2.170745283365249634e-03
2.196186222136020660e-03
2.318049315363168716e-03
2.534840023145079613e-03
2.406575717031955719e-03
2.272166311740875244e-03
2.190712839365005493e-03
2.179550006985664368e-03
2.120791003108024597e-03
2.150854095816612244e-03
2.253655111417174339e-03
2.263414906337857246e-03
3.072776133194565773e-03
2.397165633738040924e-03
2.230689162388443947e-03
2.307810354977846146e-03
2.180190291255712509e-03
2.196286572143435478e-03
2.322033978998661041e-03
2.188605954870581627e-03
2.330351620912551880e-03
2.286035567522048950e-03
2.113698050379753113e-03
2.203832147642970085e-03
2.245586831122636795e-03
2.437115646898746490e-03
2.761058276519179344e-03
2.211094368249177933e-03
2.317474922165274620e-03
2.218473004177212715e-03
2.233067294582724571e-03
2.120748395100235939e-03
2.038780599832534790e-03
2.252303063869476318e-03
2.271199133247137070e-03
2.447509672492742538e-03
4.061312414705753326e-03
3.260622499510645866e-03
2.603346714749932289e-03
2.372967544943094254e-03
2.446153899654746056e-03
2.298542531207203865e-03
2.255233004689216614e-03
2.145171631127595901e-03
2.123433630913496017e-03
2.092404058203101158e-03
2.079537371173501015e-03
2.048964379355311394e-03
2.037857891991734505e-03
2.028626855462789536e-03
2.113068709149956703e-03
2.049692906439304352e-03
2.078131539747118950e-03
2.454401925206184387e-03
2.271936740726232529e-03
2.129838336259126663e-03
2.159649273380637169e-03
2.251730766147375107e-03
2.167737111449241638e-03
2.112208632752299309e-03
1.987285446375608444e-03
1.949924509972333908e-03
1.989732962101697922e-03
1.991410972550511360e-03
1.921598217450082302e-03
2.207588404417037964e-03
2.244423376396298409e-03
2.028453396633267403e-03
1.966496463865041733e-03
1.948765944689512253e-03
1.912229578010737896e-03
1.908022444695234299e-03
1.907526748254895210e-03
1.904386328533291817e-03
1.945180818438529968e-03
2.027779584750533104e-03
1.999900676310062408e-03
2.106630010530352592e-03
2.220163121819496155e-03
2.177790738642215729e-03
1.955189276486635208e-03
2.087909029796719551e-03
2.208068035542964935e-03
2.451177220791578293e-03
2.185298828408122063e-03
1.959103392437100410e-03
1.906761666759848595e-03
1.924312207847833633e-03
1.913938904181122780e-03
1.868437859229743481e-03
1.927477773278951645e-03
1.884351717308163643e-03
1.929362886585295200e-03
1.861699391156435013e-03
1.840039505623281002e-03
2.007286064326763153e-03
2.990178763866424561e-03
2.741685835644602776e-03
2.342293504625558853e-03
2.082711551338434219e-03
2.041702158749103546e-03
2.002306282520294189e-03
1.957686152309179306e-03
1.951526850461959839e-03
1.918546739034354687e-03
1.908837351948022842e-03
1.896459376439452171e-03
1.883217249996960163e-03
1.872445223852992058e-03
1.867187442258000374e-03
1.869340194389224052e-03
1.876720227301120758e-03
1.895801629871129990e-03
1.870904583483934402e-03
1.882510376162827015e-03
1.870576757937669754e-03
1.862862729467451572e-03
1.859018579125404358e-03
1.964109716936945915e-03
1.862446428276598454e-03
1.850668340921401978e-03
1.835638890042901039e-03
1.825419953092932701e-03
1.847806153818964958e-03
1.865238184109330177e-03
1.873613800853490829e-03
1.816823380067944527e-03
1.880064955912530422e-03
1.899629249237477779e-03
1.965246861800551414e-03
4.779266193509101868e-03
2.652053488418459892e-03
2.073537325486540794e-03
2.001036424189805984e-03
1.988522941246628761e-03
1.959232613444328308e-03
1.936589833348989487e-03
1.926015713252127171e-03
1.912109553813934326e-03
1.894596149213612080e-03
1.881714910268783569e-03
1.874491339549422264e-03
1.870708889327943325e-03
1.876556547358632088e-03
1.892318483442068100e-03
1.917162910103797913e-03
1.947194919921457767e-03
1.974751474335789680e-03
1.993187237530946732e-03
2.000949578359723091e-03
2.000604057684540749e-03
1.995346276089549065e-03
1.988312928006052971e-03
1.986854476854205132e-03
2.018213504925370216e-03
2.174911089241504669e-03
2.232837490737438202e-03
2.065822249278426170e-03
1.982795540243387222e-03
1.942874863743782043e-03
1.914321095682680607e-03
1.998988445848226547e-03
1.936612767167389393e-03
1.887422404251992702e-03
2.015152247622609138e-03
1.900420873425900936e-03
1.943674637004733086e-03
1.935623935423791409e-03
1.929603167809545994e-03
1.882851938717067242e-03
1.853041816502809525e-03
1.840555807575583458e-03
1.862434670329093933e-03
1.926854019984602928e-03
1.983783207833766937e-03
1.905375393107533455e-03
1.903959549963474274e-03
1.952767837792634964e-03
1.926500117406249046e-03
1.874800538644194603e-03
1.973231555894017220e-03
1.823598286136984825e-03
1.776794204488396645e-03
1.796263735741376877e-03
1.920712646096944809e-03
1.738677034154534340e-03
1.788400928489863873e-03
1.783658168278634548e-03
1.915226224809885025e-03
1.756203244440257549e-03
1.994117861613631248e-03
2.076139906421303749e-03
3.029490122571587563e-03
3.601688425987958908e-03
2.293148543685674667e-03
2.272548153996467590e-03
2.187784062698483467e-03
2.125667408108711243e-03
2.055052900686860085e-03
2.024613087996840477e-03
2.009712392464280128e-03
1.975552411749958992e-03
1.965421717613935471e-03
1.920771785080432892e-03
1.911454368382692337e-03
1.895966939628124237e-03
1.886221230961382389e-03
1.891023712232708931e-03
1.952085876837372780e-03
2.007322618737816811e-03
1.931789447553455830e-03
1.934000523760914803e-03
2.013019286096096039e-03
2.029801718890666962e-03
1.825638231821358204e-03
1.828610431402921677e-03
1.908351900056004524e-03
1.893058884888887405e-03
1.875932095572352409e-03
1.769387279637157917e-03
1.850244123488664627e-03
1.747317146509885788e-03
1.751909148879349232e-03
1.749755814671516418e-03
1.749039045535027981e-03
1.748109352774918079e-03
1.750187133438885212e-03
1.754419412463903427e-03
1.807656721211969852e-03
1.874062465503811836e-03
1.831442932598292828e-03
2.094051102176308632e-03
1.821904093958437443e-03
1.951514976099133492e-03
1.996032893657684326e-03
1.953643281012773514e-03
1.932292710989713669e-03
1.870533684268593788e-03
1.785864122211933136e-03
1.760687679052352905e-03
1.774164615198969841e-03
1.932468148879706860e-03
2.184052951633930206e-03
2.195152221247553825e-03
1.971090445294976234e-03
2.077729674056172371e-03
1.997574465349316597e-03
1.823920640163123608e-03
1.814556075260043144e-03
1.819002325646579266e-03
1.780134625732898712e-03
1.755948876962065697e-03
1.744519453495740891e-03
1.709538162685930729e-03
1.779067679308354855e-03
1.772298011928796768e-03
1.709134550765156746e-03
1.685365801677107811e-03
1.695787883363664150e-03
1.671169418841600418e-03
1.717801089398562908e-03
1.777003752067685127e-03
1.715988735668361187e-03
1.698498148471117020e-03
1.713239937089383602e-03
1.963536720722913742e-03
2.720884745940566063e-03
2.376803196966648102e-03
1.989058684557676315e-03
1.866805367171764374e-03
1.938617089763283730e-03
1.766631496138870716e-03
1.845108345150947571e-03
1.706866081804037094e-03
1.701493980363011360e-03
1.688699354417622089e-03
1.672190148383378983e-03
1.668956829234957695e-03
1.663980889134109020e-03
1.661787857301533222e-03
1.666106749325990677e-03
1.668494776822626591e-03
1.662669121287763119e-03
1.677534310147166252e-03
1.683032256551086903e-03
1.721122302114963531e-03
1.663121394813060760e-03
1.722965738736093044e-03
1.714321551844477654e-03
1.681922818534076214e-03
1.721509499475359917e-03
1.724990783259272575e-03
1.736571779474616051e-03
1.749794231727719307e-03
1.759814214892685413e-03
1.814631512388586998e-03
1.755385426804423332e-03
1.756847370415925980e-03
2.013098448514938354e-03
2.751800930127501488e-03
2.812623046338558197e-03
2.493122359737753868e-03
2.241714391857385635e-03
2.002995461225509644e-03
1.917401561513543129e-03
2.671726513653993607e-03
2.027945825830101967e-03
1.852959278039634228e-03
1.754744676873087883e-03
1.738631981424987316e-03
1.743743312545120716e-03
1.749058370478451252e-03
1.741017680615186691e-03
1.716080936603248119e-03
1.738108228892087936e-03
1.746663008816540241e-03
1.732463366352021694e-03
1.746529364027082920e-03
1.734383637085556984e-03
1.730599440634250641e-03
1.776659744791686535e-03
1.769929425790905952e-03
1.794615644030272961e-03
1.787947257980704308e-03
1.808395492844283581e-03
1.821257406845688820e-03
1.830129185691475868e-03
1.839700387790799141e-03
1.862434670329093933e-03
1.839878736063838005e-03
1.785529660992324352e-03
1.839069067500531673e-03
1.838438678532838821e-03
1.744676264934241772e-03
1.662213471718132496e-03
1.627634512260556221e-03
1.730045536532998085e-03
1.799738267436623573e-03
2.007195493206381798e-03
2.679438330233097076e-03
2.126457635313272476e-03
1.968734199181199074e-03
1.902837539091706276e-03
1.779072801582515240e-03
1.719582593068480492e-03
1.837381161749362946e-03
1.768482849001884460e-03
1.686831470578908920e-03
1.688849413767457008e-03
1.698098261840641499e-03
1.679975306615233421e-03
1.725796260870993137e-03
1.805139821954071522e-03
1.762505620718002319e-03
1.627344172447919846e-03
1.631889143027365208e-03
1.618833281099796295e-03
1.679136999882757664e-03
1.641188981011509895e-03
1.778823207132518291e-03
1.725348061881959438e-03
1.673265243880450726e-03
1.709313015453517437e-03
1.640014117583632469e-03
1.865428639575839043e-03
1.800010213628411293e-03
1.650722464546561241e-03
1.746856025420129299e-03
1.876150374300777912e-03
1.682079397141933441e-03
1.659366418607532978e-03
1.632770872674882412e-03
1.662773196585476398e-03
1.719809020869433880e-03
1.661388901993632317e-03
1.662573427893221378e-03
1.613456523045897484e-03
1.630533020943403244e-03
1.584348152391612530e-03
1.615385292097926140e-03
1.565339858643710613e-03
1.587502425536513329e-03
1.810234156437218189e-03
2.584248315542936325e-03
2.296457299962639809e-03
2.170343184843659401e-03
1.893778797239065170e-03
1.799500198103487492e-03
1.744629233144223690e-03
1.700129942037165165e-03
1.724282279610633850e-03
1.722973771393299103e-03
1.657165936194360256e-03
1.627736841328442097e-03
1.658598892390727997e-03
1.636314671486616135e-03
1.592891640029847622e-03
1.721832202747464180e-03
1.779938815161585808e-03
2.498144982382655144e-03
2.009035320952534676e-03
2.437244635075330734e-03
2.074044197797775269e-03
2.047481015324592590e-03
1.829577144235372543e-03
1.712577184662222862e-03
1.701701898127794266e-03
1.652182545512914658e-03
1.699991407804191113e-03
1.729184179566800594e-03
1.780717633664608002e-03
1.753318705596029758e-03
1.628672936931252480e-03
1.555439550429582596e-03
1.566587598063051701e-03
1.556237926706671715e-03
1.704018097370862961e-03
2.214984735473990440e-03
1.946000033058226109e-03
1.947761164046823978e-03
1.958036096766591072e-03
1.718426356092095375e-03
1.770460512489080429e-03
1.737715327180922031e-03
1.650392427109181881e-03
1.644092844799160957e-03
1.706096692942082882e-03
1.662997761741280556e-03
1.728257862851023674e-03
1.698808395303785801e-03
1.664863666519522667e-03
1.628091325983405113e-03
1.654211082495748997e-03
1.664508250541985035e-03
1.660689478740096092e-03
1.696817227639257908e-03
1.684381510131061077e-03
1.685695140622556210e-03
1.585515448823571205e-03
1.687726122327148914e-03
1.742363674566149712e-03
1.601683441549539566e-03
1.672349753789603710e-03
1.679353415966033936e-03
1.577613293193280697e-03
1.569950603879988194e-03
1.737352227792143822e-03
1.597734051756560802e-03
1.480663195252418518e-03
1.629070378839969635e-03
1.541705802083015442e-03
1.558378920890390873e-03
1.577319344505667686e-03
1.588184037245810032e-03
1.604488235898315907e-03
1.562940189614892006e-03
1.713414909318089485e-03
1.791434828191995621e-03
1.780014485120773315e-03
1.590683707036077976e-03
1.517622964456677437e-03
1.502148690633475780e-03
1.507344888523221016e-03
1.473764306865632534e-03
1.512648654170334339e-03
1.476425328291952610e-03
1.684181275777518749e-03
1.711906166747212410e-03
1.448376569896936417e-03
1.372575527057051659e-03
1.417836756445467472e-03
1.456471625715494156e-03
1.449402887374162674e-03
1.581628224812448025e-03
2.272324636578559875e-03
2.305786125361919403e-03
2.642525825649499893e-03
2.440174575895071030e-03
2.040706807747483253e-03
1.882554497569799423e-03
1.797454548068344593e-03
1.815633731894195080e-03
1.780764781869947910e-03
1.754877273924648762e-03
1.724088215269148350e-03
1.746035879477858543e-03
1.667051925323903561e-03
1.677530235610902309e-03
1.619278802536427975e-03
1.644707168452441692e-03
1.616158755496144295e-03
1.727528288029134274e-03
1.652357401326298714e-03
1.742976601235568523e-03
1.616265508346259594e-03
1.650979975238442421e-03
1.585628022439777851e-03
1.502222730778157711e-03
1.516358926892280579e-03
1.565956044942140579e-03
1.554608228616416454e-03
1.547765103168785572e-03
1.541200093924999237e-03
1.579721807502210140e-03
1.622948795557022095e-03
1.634112093597650528e-03
1.494976691901683807e-03
1.593916909769177437e-03
1.538171316497027874e-03
1.596680609509348869e-03
1.610966282896697521e-03
1.617360045202076435e-03
1.698210369795560837e-03
1.680315122939646244e-03
1.521956408396363258e-03
1.504307263530790806e-03
1.527583459392189980e-03
1.545988372527062893e-03
3.474649973213672638e-03
4.075727425515651703e-03
3.537340089678764343e-03
2.340243896469473839e-03
2.243345836177468300e-03
2.098264405503869057e-03
2.053937641903758049e-03
1.992442412301898003e-03
1.949506695382297039e-03
1.892528962343931198e-03
1.912586973048746586e-03
1.890322891995310783e-03
1.834486844018101692e-03
1.807015272788703442e-03
1.784167136065661907e-03
1.772631658241152763e-03
1.766836270689964294e-03
1.754872151650488377e-03
1.742794411256909370e-03
1.747284084558486938e-03
1.755408709868788719e-03
1.712826197035610676e-03
1.698921900242567062e-03
1.671575708314776421e-03
1.674537081271409988e-03
1.673245802521705627e-03
1.654389547184109688e-03
1.633560983464121819e-03
1.669333083555102348e-03
1.698266947641968727e-03
1.645249780267477036e-03
1.562202116474509239e-03
1.577830174937844276e-03
1.639801776036620140e-03
1.571893109939992428e-03
1.626261742785573006e-03
1.627387944608926773e-03
1.588361104950308800e-03
1.548614120110869408e-03
1.536160591058433056e-03
1.532301306724548340e-03
1.535677583888173103e-03
1.551467226818203926e-03
1.534100039862096310e-03
1.606180099770426750e-03
1.498673111200332642e-03
1.542042475193738937e-03
1.526707550510764122e-03
1.437492785044014454e-03
1.498174853622913361e-03
1.419939799234271049e-03
1.633679261431097984e-03
1.544816186651587486e-03
1.580750569701194763e-03
1.554542221128940582e-03
1.455195364542305470e-03
1.423463225364685059e-03
1.454335986636579037e-03
1.428732415661215782e-03
1.450330251827836037e-03
1.638498739339411259e-03
1.444007852114737034e-03
1.430867938324809074e-03
1.500714104622602463e-03
1.524292398244142532e-03
1.494330586865544319e-03
1.499259960837662220e-03
1.521887606941163540e-03
1.491403323598206043e-03
2.221345901489257812e-03
2.901960629969835281e-03
2.060311380773782730e-03
1.883538323454558849e-03
1.872551511041820049e-03
1.837812596932053566e-03
1.726872520521283150e-03
1.696528983302414417e-03
1.560613280162215233e-03
1.497842255048453808e-03
1.469003269448876381e-03
1.820173580199480057e-03
1.880513154901564121e-03
1.606261939741671085e-03
1.481268904171884060e-03
1.511331764049828053e-03
1.406478928402066231e-03
1.433218480087816715e-03
1.477728481404483318e-03
1.521765836514532566e-03
1.406985102221369743e-03
1.543957972899079323e-03
1.701045082882046700e-03
1.375495339743793011e-03
1.416006241925060749e-03
1.472432981245219707e-03
1.444885507225990295e-03
1.418405561707913876e-03
1.394434017129242420e-03
1.407678704708814621e-03
1.382560585625469685e-03
1.361272064968943596e-03
1.332252402789890766e-03
3.625071141868829727e-03
2.963120583444833755e-03
2.274915110319852829e-03
2.118981909006834030e-03
2.080449601635336876e-03
1.965362112969160080e-03
1.974184298887848854e-03
1.882896525785326958e-03
1.880351454019546509e-03
1.811406109482049942e-03
1.759301521815359592e-03
1.651711645536124706e-03
1.592687913216650486e-03
1.567089464515447617e-03
1.478407997637987137e-03
1.466265064664185047e-03
1.490442198701202869e-03
1.487999456003308296e-03
1.452098484151065350e-03
1.438434119336307049e-03
1.489946385845541954e-03
1.418274245224893093e-03
1.398237654939293861e-03
1.487697008997201920e-03
1.388405566103756428e-03
1.378389541059732437e-03
1.453413860872387886e-03
1.438541454263031483e-03
1.391396741382777691e-03
1.561602693982422352e-03
1.425146707333624363e-03
1.399143831804394722e-03
1.390018034726381302e-03
1.443102839402854443e-03
1.351732527837157249e-03
1.362313050776720047e-03
1.367637421935796738e-03
1.310709165409207344e-03
1.379597000777721405e-03
1.320840558037161827e-03
1.348629593849182129e-03
1.298976712860167027e-03
1.332807354629039764e-03
1.300663920119404793e-03
1.256783725693821907e-03
1.264047459699213505e-03
1.344976248219609261e-03
1.322723692283034325e-03
1.358853653073310852e-03
1.310694729909300804e-03
1.298377988860011101e-03
1.326569239608943462e-03
1.378726447001099586e-03
1.250957837328314781e-03
1.482853898778557777e-03
1.516905613243579865e-03
1.267138402909040451e-03
1.240860787220299244e-03
1.253381371498107910e-03
1.246353611350059509e-03
1.291024265810847282e-03
1.483876025304198265e-03
1.259662909433245659e-03
1.228032051585614681e-03
1.261071884073317051e-03
1.222274964675307274e-03
1.291011692956089973e-03
1.261272002011537552e-03
1.248096930794417858e-03
1.296557136811316013e-03
1.327800331637263298e-03
1.347515848465263844e-03
1.355074113234877586e-03
1.466480083763599396e-03
1.251422683708369732e-03
1.222341321408748627e-03
3.311662236228585243e-03
3.679800545796751976e-03
3.261411795392632484e-03
2.779169473797082901e-03
2.011512639001011848e-03
1.911559724248945713e-03
1.823844388127326965e-03
1.763646723702549934e-03
1.907254452817142010e-03
8.839612826704978943e-03
7.564818020910024643e-03
9.020056575536727905e-03
7.593964226543903351e-03
6.636060774326324463e-03
4.959685727953910828e-03
3.903005737811326981e-03
3.640349023044109344e-03
2.905884757637977600e-03
2.754854504019021988e-03
2.645612927153706551e-03
2.583081834018230438e-03
2.534236060455441475e-03
2.496625296771526337e-03
2.468973863869905472e-03
2.445697551593184471e-03
2.425947226583957672e-03
2.409360604360699654e-03
2.393028466030955315e-03
2.374205738306045532e-03
2.357911318540573120e-03
2.347249537706375122e-03
2.335266442969441414e-03
2.324823988601565361e-03
2.314201090484857559e-03
2.305374713614583015e-03
2.296007936820387840e-03
2.288063755258917809e-03
2.278835745528340340e-03
2.271153964102268219e-03
2.272325102239847183e-03
2.242146059870719910e-03
2.233312465250492096e-03
2.232375089079141617e-03
2.228238154202699661e-03
2.228386001661419868e-03
2.196989022195339203e-03
2.495166147127747536e-03
2.484710421413183212e-03
2.311426214873790741e-03
2.221487229689955711e-03
2.621320309117436409e-03
2.259946661069989204e-03
2.455622190609574318e-03
2.221713773906230927e-03
2.158761490136384964e-03
2.135017421096563339e-03
2.119841519743204117e-03
2.109173918142914772e-03
2.096510492265224457e-03
2.088199602439999580e-03
2.083167899399995804e-03
2.095781266689300537e-03
2.047136658802628517e-03
2.036895370110869408e-03
2.025090856477618217e-03
2.014211611822247505e-03
2.006071852520108223e-03
1.995549304410815239e-03
1.986606745049357414e-03
1.976528437808156013e-03
1.974335871636867523e-03
2.000755630433559418e-03
2.046602079644799232e-03
2.034628996625542641e-03
1.963016809895634651e-03
1.978934276849031448e-03
2.099845791235566139e-03
1.950186095200479031e-03
1.924442360177636147e-03
1.924873096868395805e-03
1.920965616591274738e-03
1.911695813760161400e-03
1.910561695694923401e-03
1.891101943328976631e-03
1.893915119580924511e-03
1.879856339655816555e-03
1.874015666544437408e-03
1.861790078692138195e-03
1.853817608207464218e-03
1.849038642831146717e-03
1.842042081989347935e-03
1.830095658078789711e-03
