1.072584539651870728e-01
8.918754756450653076e-02
6.363817304372787476e-02
4.491202905774116516e-02
3.610010817646980286e-02
2.991545759141445160e-02
2.752220258116722107e-02
2.455491945147514343e-02
2.424591593444347382e-02
2.247547358274459839e-02
2.034535445272922516e-02
1.951436698436737061e-02
1.886786147952079773e-02
1.827198453247547150e-02
1.744026504456996918e-02
1.703168079257011414e-02
1.724733784794807434e-02
1.662385091185569763e-02
1.603654585778713226e-02
1.505943946540355682e-02
1.429900433868169785e-02
1.366553083062171936e-02
1.328680943697690964e-02
1.188149023801088333e-02
1.158256269991397858e-02
1.132591161876916885e-02
1.088219787925481796e-02
1.067126728594303131e-02
1.043774094432592392e-02
9.548869915306568146e-03
8.981726132333278656e-03
9.253663010895252228e-03
9.010720066726207733e-03
8.722863160073757172e-03
9.135466068983078003e-03
8.388614282011985779e-03
8.251904509961605072e-03
7.735836785286664963e-03
7.855859585106372833e-03
7.499670144170522690e-03
7.786200847476720810e-03
6.960260681807994843e-03
7.816808298230171204e-03
7.496342062950134277e-03
7.467797491699457169e-03
6.487059872597455978e-03
6.789939943701028824e-03
6.637918762862682343e-03
6.692854687571525574e-03
6.485041696578264236e-03
6.819313392043113708e-03
7.119211368262767792e-03
7.481500972062349319e-03
7.481792941689491272e-03
6.538344547152519226e-03
6.593012716621160507e-03
6.409894209355115891e-03
6.446176208555698395e-03
6.156098563224077225e-03
6.574276369065046310e-03
6.762790028005838394e-03
6.252017337828874588e-03
5.989153403788805008e-03
6.575099192559719086e-03
6.369126960635185242e-03
6.060367915779352188e-03
6.104379892349243164e-03
5.969735328108072281e-03
5.957203917205333710e-03
5.737510975450277328e-03
6.053055636584758759e-03
6.227661389857530594e-03
6.215772591531276703e-03
5.641319323331117630e-03
5.577507894486188889e-03
6.011469755321741104e-03
5.849424749612808228e-03
5.438763182610273361e-03
5.057781934738159180e-03
4.934824537485837936e-03
5.242952611297369003e-03
5.130190867930650711e-03
5.249604582786560059e-03
5.533935036510229111e-03
4.936422687023878098e-03
5.097583867609500885e-03
5.330454558134078979e-03
5.009931977838277817e-03
5.598807241767644882e-03
4.488401114940643311e-03
4.372078925371170044e-03
4.777219146490097046e-03
4.314674064517021179e-03
4.457480739802122116e-03
4.584419541060924530e-03
4.608377814292907715e-03
4.624878056347370148e-03
4.972256720066070557e-03
4.419303499162197113e-03
4.304934758692979813e-03
4.596448037773370743e-03
4.539167042821645737e-03
4.209925420582294464e-03
4.120032768696546555e-03
5.070414394140243530e-03
4.863608628511428833e-03
4.415218252688646317e-03
4.416350275278091431e-03
4.065711051225662231e-03
4.116736352443695068e-03
4.236368462443351746e-03
3.755425801500678062e-03
4.102692939341068268e-03
4.181969445198774338e-03
3.841943107545375824e-03
4.155136179178953171e-03
3.853905014693737030e-03
4.361618310213088989e-03
4.150645341724157333e-03
3.890771418809890747e-03
3.893471322953701019e-03
4.302712157368659973e-03
4.069684073328971863e-03
4.053493030369281769e-03
3.787959227338433266e-03
3.997985273599624634e-03
4.065285902470350266e-03
3.745301626622676849e-03
3.834714414551854134e-03
3.674855921417474747e-03
3.706423565745353699e-03
3.719956148415803909e-03
3.528992179781198502e-03
4.056700970977544785e-03
4.185663536190986633e-03
3.551833797246217728e-03
3.647632431238889694e-03
3.678883193060755730e-03
3.585367929190397263e-03
3.532232018187642097e-03
3.932600840926170349e-03
3.762556472793221474e-03
3.516706405207514763e-03
3.563068574294447899e-03
3.342253388836979866e-03
3.256304888054728508e-03
3.479544306173920631e-03
3.321879776194691658e-03
3.475548233836889267e-03
3.259948920458555222e-03
3.220235696062445641e-03
3.494422649964690208e-03
3.775010351091623306e-03
3.238059347495436668e-03
3.320557298138737679e-03
3.368130885064601898e-03
3.620011731982231140e-03
3.806229215115308762e-03
3.489845432341098785e-03
3.444301895797252655e-03
3.431356046348810196e-03
3.174202283844351768e-03
3.480743383988738060e-03
3.600812051445245743e-03
3.280241275206208229e-03
3.190287621691823006e-03
3.495305078104138374e-03
3.415850689634680748e-03
3.669383004307746887e-03
3.023864468559622765e-03
3.133689286187291145e-03
3.298989497125148773e-03
3.464366076514124870e-03
3.265243023633956909e-03
3.131874371320009232e-03
3.257454605773091316e-03
3.245917614549398422e-03
3.041025483980774879e-03
3.241211175918579102e-03
2.964263781905174255e-03
3.070496721193194389e-03
3.082409035414457321e-03
2.934357151389122009e-03
3.541378770023584366e-03
2.913764677941799164e-03
3.291062777861952782e-03
3.482043743133544922e-03
3.115762490779161453e-03
3.145848633721470833e-03
2.959722653031349182e-03
3.266693325713276863e-03
3.142577828839421272e-03
3.128932556137442589e-03
3.311659209430217743e-03
3.040974726900458336e-03
3.283812198787927628e-03
3.156499238684773445e-03
3.068267833441495895e-03
2.890845295041799545e-03
3.277371404692530632e-03
3.134312108159065247e-03
3.176198108121752739e-03
2.908220281824469566e-03
2.830434823408722878e-03
2.855452708899974823e-03
3.351810853928327560e-03
2.871766453608870506e-03
3.047659993171691895e-03
2.724022371694445610e-03
3.257268108427524567e-03
2.702642697840929031e-03
2.700289478525519371e-03
2.765494864434003830e-03
2.772517502307891846e-03
2.555105136707425117e-03
3.083100309595465660e-03
2.741936827078461647e-03
2.763433149084448814e-03
2.676031086593866348e-03
2.930042799562215805e-03
2.822729526087641716e-03
2.735386602580547333e-03
2.895247424021363258e-03
2.608679700642824173e-03
2.858416642993688583e-03
2.651065122336149216e-03
2.701980760321021080e-03
2.583425957709550858e-03
2.673598006367683411e-03
2.676157047972083092e-03
2.503287047147750854e-03
2.417176030576229095e-03
2.672168193385004997e-03
2.631941344588994980e-03
2.982595004141330719e-03
2.948543289676308632e-03
2.379416488111019135e-03
2.629508962854743004e-03
2.497229026630520821e-03
2.499457448720932007e-03
2.471732441335916519e-03
2.443170407786965370e-03
2.668222412467002869e-03
2.771681640297174454e-03
2.547011012211441994e-03
2.534404397010803223e-03
2.419661963358521461e-03
2.406675135716795921e-03
2.714972011744976044e-03
2.567819086834788322e-03
2.430684398859739304e-03
2.715462120249867439e-03
2.503466326743364334e-03
2.426238963380455971e-03
2.512965817004442215e-03
2.762742573395371437e-03
2.519519999623298645e-03
2.630316419526934624e-03
2.395668998360633850e-03
2.295483835041522980e-03
2.373570110648870468e-03
2.420939737930893898e-03
2.363102976232767105e-03
2.474416512995958328e-03
2.255131723359227180e-03
2.799458801746368408e-03
3.057868918403983116e-03
2.630781847983598709e-03
2.895238110795617104e-03
2.485714852809906006e-03
2.601512009277939796e-03
2.599428640678524971e-03
2.388123888522386551e-03
2.806243253871798515e-03
2.496324945241212845e-03
2.256806707009673119e-03
2.969004912301898003e-03
3.056207671761512756e-03
2.798826433718204498e-03
2.399649936705827713e-03
2.286307746544480324e-03
2.193863037973642349e-03
2.541769528761506081e-03
2.273213816806674004e-03
2.480814466252923012e-03
2.436733338981866837e-03
2.490474376827478409e-03
2.320797881111502647e-03
2.294278703629970551e-03
2.111026551574468613e-03
2.370857866480946541e-03
2.306096022948622704e-03
2.691062167286872864e-03
2.407771768048405647e-03
2.313998760655522346e-03
2.181544899940490723e-03
2.709200140088796616e-03
2.421336015686392784e-03
2.426005899906158447e-03
2.624285640195012093e-03
3.229561960324645042e-03
2.476937370374798775e-03
2.306213835254311562e-03
2.635729964822530746e-03
2.078853547573089600e-03
2.370844827964901924e-03
2.474215347319841385e-03
2.372118877246975899e-03
2.448828425258398056e-03
2.531576901674270630e-03
2.285777823999524117e-03
2.639742335304617882e-03
2.302354667335748672e-03
2.102633705362677574e-03
2.232654253020882607e-03
2.110900823026895523e-03
2.246334217488765717e-03
2.321982989087700844e-03
2.479010727256536484e-03
2.391803544014692307e-03
2.207614947110414505e-03
2.238357905298471451e-03
2.325403271242976189e-03
2.151357475668191910e-03
2.273215446621179581e-03
2.302079927176237106e-03
2.151959575712680817e-03
2.177520189434289932e-03
2.276187762618064880e-03
2.275031991302967072e-03
2.194022759795188904e-03
2.174455439671874046e-03
2.260286360979080200e-03
2.248589415103197098e-03
2.148356288671493530e-03
2.107780426740646362e-03
2.270121360197663307e-03
2.099977806210517883e-03
2.447966951876878738e-03
2.596365520730614662e-03
2.319736871868371964e-03
2.069725887849926949e-03
2.119669457897543907e-03
2.238345099613070488e-03
2.084299456328153610e-03
2.060039201751351357e-03
2.225199714303016663e-03
2.077966928482055664e-03
2.065667882561683655e-03
1.923216972500085831e-03
1.973948441445827484e-03
2.107803476974368095e-03
2.399453427642583847e-03
2.104060258716344833e-03
2.101380610838532448e-03
2.217913279309868813e-03
2.085327170789241791e-03
2.121856203302741051e-03
2.059427322819828987e-03
2.202943433076143265e-03
2.086543478071689606e-03
2.234834711998701096e-03
2.154440386220812798e-03
2.118791686370968819e-03
1.995736034587025642e-03
1.927731791511178017e-03
1.997548388317227364e-03
2.185202669352293015e-03
2.209333702921867371e-03
2.151283435523509979e-03
2.200521761551499367e-03
2.295290352776646614e-03
2.093259477987885475e-03
2.166939899325370789e-03
2.024048939347267151e-03
1.951434882357716560e-03
1.983822323381900787e-03
2.089221030473709106e-03
2.008770359680056572e-03
2.014387398958206177e-03
2.103790640830993652e-03
2.017416059970855713e-03
2.076086588203907013e-03
2.088374923914670944e-03
2.526549622416496277e-03
2.107466105371713638e-03
2.357559278607368469e-03
2.408744301646947861e-03
1.964960480108857155e-03
2.056777244433760643e-03
1.934559550136327744e-03
2.069500507786870003e-03
2.244357485324144363e-03
2.236735075712203979e-03
2.025300171226263046e-03
2.053591422736644745e-03
2.062626183032989502e-03
2.101127756759524345e-03
2.032487187534570694e-03
2.005165442824363708e-03
2.661000005900859833e-03
1.956439111381769180e-03
2.051593037322163582e-03
1.963934861123561859e-03
1.935368869453668594e-03
2.082087565213441849e-03
2.073483541607856750e-03
2.131927758455276489e-03
2.001976827159523964e-03
2.030963078141212463e-03
1.936509157530963421e-03
1.872377353720366955e-03
1.955532934516668320e-03
2.152464818209409714e-03
1.943915383890271187e-03
2.313312608748674393e-03
2.535474719479680061e-03
2.271522302180528641e-03
2.204787917435169220e-03
2.122456207871437073e-03
1.971513032913208008e-03
1.948347431607544422e-03
2.071870490908622742e-03
1.904657925479114056e-03
2.059511840343475342e-03
1.884621684439480305e-03
1.934580854140222073e-03
1.880791969597339630e-03
1.930334372445940971e-03
1.919507863931357861e-03
1.943247509188950062e-03
1.901855808682739735e-03
1.936498563736677170e-03
1.999962143599987030e-03
2.087760949507355690e-03
2.256063977256417274e-03
2.391048241406679153e-03
1.964074093848466873e-03
2.113895723596215248e-03
2.070583868771791458e-03
1.949254423379898071e-03
1.850550528615713120e-03
2.173487097024917603e-03
1.950648496858775616e-03
2.039554528892040253e-03
1.890109269879758358e-03
1.892945496365427971e-03
1.908572623506188393e-03
1.966502051800489426e-03
1.946351258084177971e-03
2.149017993360757828e-03
2.140975091606378555e-03
1.952209044247865677e-03
1.915915403515100479e-03
2.054105978459119797e-03
2.083659637719392776e-03
2.047325717285275459e-03
1.914626336656510830e-03
2.043940126895904541e-03
1.943592797033488750e-03
1.911266124807298183e-03
2.451397012919187546e-03
2.171021886169910431e-03
1.969967037439346313e-03
1.918708556331694126e-03
2.012515440583229065e-03
2.485390752553939819e-03
1.985423266887664795e-03
2.042696578428149223e-03
1.984331756830215454e-03
1.948521239683032036e-03
1.968427095562219620e-03
2.038233214989304543e-03
2.039477694779634476e-03
1.977449748665094376e-03
2.107751090079545975e-03
2.236650325357913971e-03
1.881252392195165157e-03
2.119967248290777206e-03
1.882163807749748230e-03
1.887845690362155437e-03
1.967656426131725311e-03
2.096679527312517166e-03
2.045402768999338150e-03
2.035567536950111389e-03
2.138442359864711761e-03
1.857354305684566498e-03
1.957963453605771065e-03
2.048447960987687111e-03
2.155052032321691513e-03
2.098787110298871994e-03
2.133839065209031105e-03
2.021281514316797256e-03
1.883445307612419128e-03
2.007478149607777596e-03
2.042321022599935532e-03
2.484983531758189201e-03
2.138452604413032532e-03
1.926145981997251511e-03
1.881632837466895580e-03
1.856086077168583870e-03
2.042703330516815186e-03
2.211592858657240868e-03
1.987054245546460152e-03
1.929286168888211250e-03
1.874558394774794579e-03
1.903624623082578182e-03
2.035577781498432159e-03
2.132197609171271324e-03
1.929820049554109573e-03
2.034313511103391647e-03
2.352501731365919113e-03
2.076180186122655869e-03
2.011437667533755302e-03
1.994410762563347816e-03
1.988736214116215706e-03
2.039202721789479256e-03
1.987172989174723625e-03
1.993596553802490234e-03
1.893276581540703773e-03
2.260401612147688866e-03
1.887199701741337776e-03
1.920862239785492420e-03
2.057645237073302269e-03
1.837473828345537186e-03
2.137191593647003174e-03
1.846952713094651699e-03
2.110648900270462036e-03
2.112010726705193520e-03
1.981578301638364792e-03
2.150963759049773216e-03
1.950541976839303970e-03
1.873165136203169823e-03
1.874231151305139065e-03
1.871291315183043480e-03
1.794947660528123379e-03
1.886035432107746601e-03
1.771324547007679939e-03
1.882458105683326721e-03
2.042406471446156502e-03
1.863425481133162975e-03
2.218089532107114792e-03
2.288945484906435013e-03
2.120245713740587234e-03
2.134680980816483498e-03
2.470039296895265579e-03
2.042783424258232117e-03
2.013604156672954559e-03
1.908895792439579964e-03
2.018318977206945419e-03
1.859445357695221901e-03
1.857415656559169292e-03
1.824932871386408806e-03
2.097980119287967682e-03
2.008489798754453659e-03
2.125524217262864113e-03
2.070283750072121620e-03
1.824600389227271080e-03
1.913959975354373455e-03
2.275924663990736008e-03
2.100570127367973328e-03
2.038225298747420311e-03
1.987509895116090775e-03
1.976481173187494278e-03
1.841521239839494228e-03
1.850815489888191223e-03
1.876844209618866444e-03
1.909486018121242523e-03
2.187396399676799774e-03
2.013931516557931900e-03
2.005174523219466209e-03
1.999906729906797409e-03
2.093024551868438721e-03
2.092901384457945824e-03
2.528212498873472214e-03
2.038735197857022285e-03
2.024040324613451958e-03
1.934297964908182621e-03
1.948947436176240444e-03
1.895839581266045570e-03
1.987549941986799240e-03
1.929112593643367290e-03
1.973978709429502487e-03
2.021960448473691940e-03
2.226292621344327927e-03
2.079168567433953285e-03
1.860617776401340961e-03
2.028784714639186859e-03
2.000763779506087303e-03
1.977671403437852859e-03
2.052624244242906570e-03
2.029887866228818893e-03
2.197250491008162498e-03
2.148307394236326218e-03
1.908995793201029301e-03
2.091301139444112778e-03
1.919665373861789703e-03
1.913796993903815746e-03
2.062759362161159515e-03
2.055047545582056046e-03
1.863076584413647652e-03
1.785152242518961430e-03
1.841255812905728817e-03
1.875072135590016842e-03
2.026217989623546600e-03
2.590493531897664070e-03
2.654925687238574028e-03
2.170674037188291550e-03
2.401991281658411026e-03
2.054576529189944267e-03
1.979839755222201347e-03
1.982545480132102966e-03
2.029943745583295822e-03
1.991889439523220062e-03
1.950899371877312660e-03
2.047450514510273933e-03
2.252961508929729462e-03
2.033932367339730263e-03
1.856595510616898537e-03
1.864987891167402267e-03
1.854988047853112221e-03
1.997523708269000053e-03
1.853257184848189354e-03
1.848615705966949463e-03
1.933167455717921257e-03
2.228572731837630272e-03
2.164302393794059753e-03
2.173236804082989693e-03
2.089969813823699951e-03
1.874397508800029755e-03
1.958871725946664810e-03
1.894514076411724091e-03
2.143005607649683952e-03
2.061990089714527130e-03
1.820073579438030720e-03
1.840041019022464752e-03
1.853657420724630356e-03
1.911765546537935734e-03
1.941252266988158226e-03
1.863540499471127987e-03
1.891148975118994713e-03
2.069643698632717133e-03
2.226497512310743332e-03
1.973216421902179718e-03
1.899833558127284050e-03
1.876983093097805977e-03
1.920502632856369019e-03
1.766667817719280720e-03
1.882612705230712891e-03
1.854485948570072651e-03
1.787492888979613781e-03
1.695721410214900970e-03
1.846536644734442234e-03
1.920750946737825871e-03
2.199244219809770584e-03
1.977273263037204742e-03
1.982051646336913109e-03
1.893627340905368328e-03
1.742036896757781506e-03
1.778409583494067192e-03
1.900698058307170868e-03
1.961501548066735268e-03
1.953730592504143715e-03
2.100776415318250656e-03
2.171569969505071640e-03
1.812751288525760174e-03
1.886230777017772198e-03
1.769688678905367851e-03
1.782587845809757710e-03
1.784224063158035278e-03
1.797529868781566620e-03
1.713047386147081852e-03
1.887955120764672756e-03
1.871383516117930412e-03
1.926652155816555023e-03
1.723465626128017902e-03
1.871439395472407341e-03
1.755566569045186043e-03
1.773961354047060013e-03
1.689075259491801262e-03
1.765930908732116222e-03
1.783919869922101498e-03
1.757572870701551437e-03
1.718478626571595669e-03
1.761284889653325081e-03
1.721893670037388802e-03
1.890257699415087700e-03
1.811906811781227589e-03
1.801190199330449104e-03
1.788338529877364635e-03
1.820264034904539585e-03
1.763567095622420311e-03
1.797492150217294693e-03
2.008362440392374992e-03
1.770569593645632267e-03
1.902376650832593441e-03
1.857526600360870361e-03
1.920093782246112823e-03
2.014147583395242691e-03
1.892251893877983093e-03
1.887383637949824333e-03
1.997231505811214447e-03
2.350263763219118118e-03
2.364088781177997589e-03
1.881983480416238308e-03
1.946644624695181847e-03
1.810801448300480843e-03
1.794927753508090973e-03
1.920563168823719025e-03
1.956432824954390526e-03
1.847995445132255554e-03
1.761879422701895237e-03
1.795273390598595142e-03
1.681274618022143841e-03
1.893930602818727493e-03
1.744638779200613499e-03
1.871373737230896950e-03
2.008744515478610992e-03
1.920007518492639065e-03
1.815380644984543324e-03
1.851150067523121834e-03
1.757613150402903557e-03
2.003344008699059486e-03
1.755378325469791889e-03
2.123981481418013573e-03
1.870884560048580170e-03
1.769465045072138309e-03
1.786859473213553429e-03
1.641087234020233154e-03
1.912642270326614380e-03
1.979231368750333786e-03
1.838795724324882030e-03
2.008170355111360550e-03
1.993780722841620445e-03
2.012420678511261940e-03
1.890662242658436298e-03
1.675147796049714088e-03
1.803816412575542927e-03
1.739748986437916756e-03
1.856082584708929062e-03
1.877903356216847897e-03
1.826883642934262753e-03
2.383250743150711060e-03
1.863065641373395920e-03
1.807455206289887428e-03
1.778680249117314816e-03
1.723939087241888046e-03
1.811759197153151035e-03
1.782485400326550007e-03
1.767879351973533630e-03
1.789193716831505299e-03
1.626511919312179089e-03
1.802531071007251740e-03
1.950890873558819294e-03
1.973961014300584793e-03
1.968621741980314255e-03
1.731086173094809055e-03
2.003485104069113731e-03
1.833446091040968895e-03
2.531392034143209457e-03
1.918508904054760933e-03
1.783286454156041145e-03
1.725460402667522430e-03
1.642022049054503441e-03
1.750749303027987480e-03
1.620237482711672783e-03
1.607913756743073463e-03
1.713118748739361763e-03
1.712994300760328770e-03
2.196373417973518372e-03
1.776725053787231445e-03
1.658517168834805489e-03
1.787229673936963081e-03
1.645217533223330975e-03
1.650131074711680412e-03
1.744840759783983231e-03
1.668387092649936676e-03
1.674692844972014427e-03
1.630706130526959896e-03
1.825539162382483482e-03
1.785951782949268818e-03
1.709878211840987206e-03
1.754047465510666370e-03
1.662412309087812901e-03
1.693526515737175941e-03
1.747198402881622314e-03
1.706690876744687557e-03
2.017939230427145958e-03
1.916240784339606762e-03
1.692277728579938412e-03
1.725831767544150352e-03
2.080767648294568062e-03
2.102470491081476212e-03
1.920888898894190788e-03
2.076061442494392395e-03
1.948686083778738976e-03
2.013142919167876244e-03
1.824613311327993870e-03
1.855548121966421604e-03
1.733446959406137466e-03
1.823629136197268963e-03
1.660443842411041260e-03
1.837724354118108749e-03
1.760566025041043758e-03
1.880024559795856476e-03
1.614021253772079945e-03
1.777630299329757690e-03
1.609455561265349388e-03
1.642913208343088627e-03
1.662249094806611538e-03
1.652832143008708954e-03
1.903755241073668003e-03
1.785930944606661797e-03
1.696290564723312855e-03
1.706825569272041321e-03
1.660010078921914101e-03
1.882732380181550980e-03
1.749868388287723064e-03
1.734014367684721947e-03
1.787392189726233482e-03
1.709550269879400730e-03
1.723918481729924679e-03
1.804979983717203140e-03
2.214459702372550964e-03
2.527385717257857323e-03
2.752240747213363647e-03
2.145081525668501854e-03
2.075931057333946228e-03
1.962413080036640167e-03
1.989302691072225571e-03
1.766081317327916622e-03
1.692565158009529114e-03
1.815821859054267406e-03
1.677869237028062344e-03
1.751882256940007210e-03
1.720609841868281364e-03
1.697567058727145195e-03
1.871022745035588741e-03
1.778610749170184135e-03
1.799105084501206875e-03
1.899053459055721760e-03
2.285866532474756241e-03
2.087655011564493179e-03
1.901828683912754059e-03
1.775156939402222633e-03
1.608672784641385078e-03
1.649797195568680763e-03
1.662400900386273861e-03
1.715355203486979008e-03
1.692045130766928196e-03
1.719284919090569019e-03
1.795434625819325447e-03
1.787670771591365337e-03
1.803026883862912655e-03
1.744774170219898224e-03
1.697864034213125706e-03
1.786440727300941944e-03
1.828702865168452263e-03
1.877481234259903431e-03
1.796158845536410809e-03
1.760393846780061722e-03
1.856231596320867538e-03
2.213171450421214104e-03
1.996218692511320114e-03
1.714739832095801830e-03
1.801562146283686161e-03
1.799136865884065628e-03
1.818746561184525490e-03
1.663580536842346191e-03
1.613042433746159077e-03
1.725402660667896271e-03
1.756288926117122173e-03
1.608267193660140038e-03
1.695411046966910362e-03
1.644329982809722424e-03
1.647053402848541737e-03
1.732356729917228222e-03
1.689010416157543659e-03
1.836037728935480118e-03
1.736608566716313362e-03
1.765865832567214966e-03
1.721780514344573021e-03
1.596151036210358143e-03
1.659256755374372005e-03
1.615851186215877533e-03
1.809063018299639225e-03
2.263354370370507240e-03
3.406740492209792137e-03
2.513146260753273964e-03
2.211614046245813370e-03
2.296441234648227692e-03
2.019693609327077866e-03
2.057902747765183449e-03
1.875951071269810200e-03
1.760559855028986931e-03
1.802894403226673603e-03
1.740036765113472939e-03
1.686375704593956470e-03
1.707255956716835499e-03
1.694770413450896740e-03
1.637915614992380142e-03
1.681541907601058483e-03
1.627578400075435638e-03
1.593475812114775181e-03
1.672013197094202042e-03
1.723830355331301689e-03
1.706037204712629318e-03
1.594480010680854321e-03
1.664347015321254730e-03
1.635664841160178185e-03
1.543981605209410191e-03
1.603977289050817490e-03
1.562084187753498554e-03
1.864379388280212879e-03
1.615593326278030872e-03
1.567434170283377171e-03
1.765903085470199585e-03
1.616562949493527412e-03
1.621927716769278049e-03
1.611556508578360081e-03
1.719260588288307190e-03
1.589696970768272877e-03
1.594420755282044411e-03
1.664011506363749504e-03
1.549766515381634235e-03
1.628192956559360027e-03
1.941344002261757851e-03
2.792928833514451981e-03
2.021210035309195518e-03
1.827963744290173054e-03
1.666534692049026489e-03
1.810129615478217602e-03
1.586220809258520603e-03
1.721689593978226185e-03
1.726806163787841797e-03
1.668715849518775940e-03
1.609374885447323322e-03
1.574375899508595467e-03
1.655297703109681606e-03
1.577267888933420181e-03
1.540873316116631031e-03
1.646028365939855576e-03
1.601423951797187328e-03
1.811516820453107357e-03
1.760474639013409615e-03
1.615131972357630730e-03
1.671256381087005138e-03
1.595125067979097366e-03
1.508272136561572552e-03
1.598754664883017540e-03
1.540100900456309319e-03
1.534338574856519699e-03
1.634370768442749977e-03
1.650646911002695560e-03
1.613831031136214733e-03
1.545826671645045280e-03
1.778104342520236969e-03
1.530124456621706486e-03
1.625451957806944847e-03
1.545020262710750103e-03
1.571758068166673183e-03
1.545057515613734722e-03
1.692494377493858337e-03
1.599311712197959423e-03
1.773807336576282978e-03
1.541299861855804920e-03
1.603098469786345959e-03
1.586711499840021133e-03
1.551641849800944328e-03
1.571209752000868320e-03
1.592719694599509239e-03
1.586564583703875542e-03
1.679897191934287548e-03
1.866138889454305172e-03
1.751087140291929245e-03
1.806003274396061897e-03
1.563390018418431282e-03
1.686627860181033611e-03
2.177582355216145515e-03
2.168137114495038986e-03
1.829591928981244564e-03
1.651785103604197502e-03
1.592817017808556557e-03
1.556203118525445461e-03
1.542636891826987267e-03
1.660370850004255772e-03
1.551344525068998337e-03
2.087617293000221252e-03
1.870386768132448196e-03
1.766685396432876587e-03
1.704539405182003975e-03
1.606449484825134277e-03
1.610942534171044827e-03
1.625020173378288746e-03
1.660486101172864437e-03
1.701768720522522926e-03
1.706420327536761761e-03
1.722218585200607777e-03
3.735056612640619278e-03
2.461175667122006416e-03
