1.422301025390625000e+03
1.127943115234375000e+03
1.047634521484375000e+03
1.010619689941406250e+03
1.000049194335937500e+03
9.991674194335937500e+02
1.003594543457031250e+03
1.157843872070312500e+03
1.685259399414062500e+03
1.777601074218750000e+03
1.731582275390625000e+03
1.672976318359375000e+03
1.399549926757812500e+03
1.133824462890625000e+03
1.070118164062500000e+03
1.035514770507812500e+03
1.029198974609375000e+03
1.021037902832031250e+03
1.021938598632812500e+03
1.171455444335937500e+03
1.638481689453125000e+03
1.801945800781250000e+03
1.806355712890625000e+03
1.779379272460937500e+03
1.470427612304687500e+03
1.160315795898437500e+03
1.089997314453125000e+03
1.082257568359375000e+03
1.120664794921875000e+03
1.084094848632812500e+03
1.057170532226562500e+03
1.194822631835937500e+03
1.688151367187500000e+03
1.795154296875000000e+03
1.724355102539062500e+03
1.723301391601562500e+03
1.407999755859375000e+03
1.140946777343750000e+03
1.047733276367187500e+03
1.036207031250000000e+03
1.029960083007812500e+03
1.037811279296875000e+03
1.043813232421875000e+03
1.143087402343750000e+03
1.090902221679687500e+03
1.063567382812500000e+03
1.043717041015625000e+03
1.032427734375000000e+03
1.029999023437500000e+03
1.026012573242187500e+03
1.053377441406250000e+03
1.009635009765625000e+03
9.925193481445312500e+02
1.018907592773437500e+03
1.025735473632812500e+03
9.941165161132812500e+02
1.026940917968750000e+03
1.029415527343750000e+03
1.057543090820312500e+03
9.941821289062500000e+02
1.019779174804687500e+03
1.025032592773437500e+03
1.029679931640625000e+03
1.008001281738281250e+03
1.003126342773437500e+03
9.945927734375000000e+02
1.016711181640625000e+03
1.062046997070312500e+03
1.627046508789062500e+03
1.796851074218750000e+03
1.770555786132812500e+03
1.729754272460937500e+03
1.457474487304687500e+03
1.182135253906250000e+03
1.076143676757812500e+03
1.024884887695312500e+03
1.026725585937500000e+03
1.023889160156250000e+03
1.026016479492187500e+03
1.144385253906250000e+03
1.675963867187500000e+03
1.798965698242187500e+03
1.753148925781250000e+03
1.686839599609375000e+03
1.422700683593750000e+03
1.140612182617187500e+03
1.055743041992187500e+03
1.035874023437500000e+03
1.027411499023437500e+03
1.017025207519531250e+03
1.007079406738281250e+03
1.141458984375000000e+03
1.636366577148437500e+03
1.807616699218750000e+03
1.774776367187500000e+03
1.707321533203125000e+03
1.407201049804687500e+03
1.138765625000000000e+03
1.082018554687500000e+03
1.063093261718750000e+03
1.069576049804687500e+03
1.071202148437500000e+03
1.050348999023437500e+03
1.181937622070312500e+03
1.651194458007812500e+03
1.821022827148437500e+03
1.781261596679687500e+03
1.719360595703125000e+03
1.420000000000000000e+03
1.145606689453125000e+03
1.056994995117187500e+03
1.060233764648437500e+03
1.046938354492187500e+03
1.041524047851562500e+03
1.040219238281250000e+03
1.178230346679687500e+03
1.666688842773437500e+03
1.797782348632812500e+03
1.818424316406250000e+03
1.759300170898437500e+03
1.412157104492187500e+03
1.115081665039062500e+03
1.071207641601562500e+03
1.031067016601562500e+03
1.035616333007812500e+03
1.026562133789062500e+03
1.005234497070312500e+03
1.022846313476562500e+03
1.012833679199218750e+03
1.120636840820312500e+03
1.071406616210937500e+03
1.057038696289062500e+03
1.035548217773437500e+03
9.915736694335937500e+02
9.934472045898437500e+02
9.924971923828125000e+02
9.770313720703125000e+02
9.680735473632812500e+02
9.679131469726562500e+02
9.821356811523437500e+02
9.530938720703125000e+02
9.569103393554687500e+02
9.870844116210937500e+02
9.791481323242187500e+02
1.011313110351562500e+03
1.002818481445312500e+03
9.911275024414062500e+02
9.868571777343750000e+02
9.874563598632812500e+02
9.770957031250000000e+02
9.919908447265625000e+02
1.083065795898437500e+03
1.670857543945312500e+03
1.811812011718750000e+03
1.763538574218750000e+03
1.714842163085937500e+03
1.439077636718750000e+03
1.164605834960937500e+03
1.085596069335937500e+03
1.071703491210937500e+03
1.076889404296875000e+03
1.063330078125000000e+03
1.046858520507812500e+03
1.201157470703125000e+03
1.661059448242187500e+03
1.792629760742187500e+03
1.623411254882812500e+03
1.583068847656250000e+03
1.352957275390625000e+03
1.133384765625000000e+03
1.046605346679687500e+03
1.021436401367187500e+03
9.905692749023437500e+02
9.783619384765625000e+02
9.833254394531250000e+02
1.117462402343750000e+03
1.616221191406250000e+03
1.795670532226562500e+03
1.715310180664062500e+03
1.692769409179687500e+03
1.386572021484375000e+03
1.138040405273437500e+03
1.069965454101562500e+03
1.029059814453125000e+03
1.027741577148437500e+03
1.040568725585937500e+03
1.023591979980468750e+03
1.137353149414062500e+03
1.633091918945312500e+03
1.774475219726562500e+03
1.724638549804687500e+03
1.699826538085937500e+03
1.401011718750000000e+03
1.124614868164062500e+03
1.039321655273437500e+03
1.003117614746093750e+03
9.905572509765625000e+02
9.891317138671875000e+02
9.828267211914062500e+02
1.105750366210937500e+03
1.650940917968750000e+03
1.807352294921875000e+03
1.716024536132812500e+03
1.661375854492187500e+03
1.370023681640625000e+03
1.096378784179687500e+03
1.025519775390625000e+03
9.914413452148437500e+02
9.910016479492187500e+02
9.850129394531250000e+02
9.777118530273437500e+02
1.035539184570312500e+03
9.682931518554687500e+02
9.705440063476562500e+02
9.841002197265625000e+02
1.004343627929687500e+03
9.918406982421875000e+02
9.691138916015625000e+02
9.718359985351562500e+02
9.599960937500000000e+02
9.571665039062500000e+02
9.574437255859375000e+02
9.526787719726562500e+02
9.545882568359375000e+02
9.608511962890625000e+02
9.711027832031250000e+02
9.812273559570312500e+02
9.749062500000000000e+02
9.960278930664062500e+02
1.002286132812500000e+03
1.012353210449218750e+03
9.799257202148437500e+02
9.762608032226562500e+02
9.605917358398437500e+02
9.749808349609375000e+02
1.042020385742187500e+03
1.610299072265625000e+03
1.804928833007812500e+03
1.772427490234375000e+03
1.718743530273437500e+03
1.424563476562500000e+03
1.159196166992187500e+03
1.078227539062500000e+03
1.058448974609375000e+03
1.046589477539062500e+03
1.052382080078125000e+03
1.029520629882812500e+03
1.166452026367187500e+03
1.668183715820312500e+03
1.783537963867187500e+03
1.695223754882812500e+03
1.677248046875000000e+03
1.418889404296875000e+03
1.133523071289062500e+03
1.057731689453125000e+03
1.047463867187500000e+03
1.032515014648437500e+03
1.033980468750000000e+03
1.039354980468750000e+03
1.183168823242187500e+03
1.658203491210937500e+03
1.800595458984375000e+03
1.778434204101562500e+03
1.723082031250000000e+03
1.433804687500000000e+03
1.151838989257812500e+03
1.070551879882812500e+03
1.047237304687500000e+03
1.031469116210937500e+03
1.039179077148437500e+03
1.041940307617187500e+03
1.178343017578125000e+03
1.644568603515625000e+03
1.782622436523437500e+03
1.796960205078125000e+03
1.736854980468750000e+03
1.409498413085937500e+03
1.141988281250000000e+03
1.031177734375000000e+03
1.028752197265625000e+03
1.033645751953125000e+03
1.013522705078125000e+03
9.938431396484375000e+02
1.133478149414062500e+03
1.665382202148437500e+03
1.771363281250000000e+03
1.688381958007812500e+03
1.639831787109375000e+03
1.371022338867187500e+03
1.062278198242187500e+03
9.916429443359375000e+02
9.659673461914062500e+02
9.725814208984375000e+02
9.692548828125000000e+02
9.829088134765625000e+02
9.824957885742187500e+02
9.645383911132812500e+02
9.933253784179687500e+02
1.002453674316406250e+03
9.617885742187500000e+02
9.518101196289062500e+02
9.586336669921875000e+02
9.634456787109375000e+02
9.738002929687500000e+02
9.714841308593750000e+02
9.544650878906250000e+02
9.474708862304687500e+02
9.393258666992187500e+02
9.351732788085937500e+02
9.385717773437500000e+02
9.366712036132812500e+02
9.438914184570312500e+02
9.489069824218750000e+02
9.609938354492187500e+02
9.456718750000000000e+02
9.364095458984375000e+02
9.310973510742187500e+02
9.290803222656250000e+02
9.297133789062500000e+02
9.370384521484375000e+02
1.428709228515625000e+03
1.699227294921875000e+03
1.770741699218750000e+03
1.692141967773437500e+03
1.383267578125000000e+03
1.128676879882812500e+03
1.049949218750000000e+03
1.013336914062500000e+03
1.017037780761718750e+03
1.020301025390625000e+03
1.035182128906250000e+03
1.262635986328125000e+03
1.723927001953125000e+03
1.831530151367187500e+03
1.678958129882812500e+03
1.738669433593750000e+03
1.428626342773437500e+03
1.153977416992187500e+03
1.066087524414062500e+03
1.003056518554687500e+03
1.019570312500000000e+03
1.023256408691406250e+03
1.023481262207031250e+03
1.193780639648437500e+03
1.640867797851562500e+03
1.770107055664062500e+03
1.721865600585937500e+03
1.719007080078125000e+03
1.411312622070312500e+03
1.116621704101562500e+03
1.032509399414062500e+03
1.023473144531250000e+03
1.021599060058593750e+03
1.025536254882812500e+03
1.045482910156250000e+03
1.191159423828125000e+03
1.675760742187500000e+03
1.789374633789062500e+03
1.824999023437500000e+03
1.770460205078125000e+03
1.435009155273437500e+03
1.172279785156250000e+03
1.051626464843750000e+03
1.045017822265625000e+03
1.049642456054687500e+03
1.052683959960937500e+03
1.037642944335937500e+03
1.199654418945312500e+03
1.635915771484375000e+03
1.720661987304687500e+03
1.738302001953125000e+03
1.710336669921875000e+03
1.395614746093750000e+03
1.126068481445312500e+03
1.061767822265625000e+03
1.004283447265625000e+03
1.014108154296875000e+03
1.013533630371093750e+03
1.023654113769531250e+03
1.106720214843750000e+03
9.880415039062500000e+02
9.982829589843750000e+02
9.869243774414062500e+02
9.638851318359375000e+02
9.673848266601562500e+02
9.695164794921875000e+02
9.884908447265625000e+02
9.760388183593750000e+02
9.638187866210937500e+02
9.609441528320312500e+02
9.602669067382812500e+02
9.499136962890625000e+02
9.569543457031250000e+02
9.674075927734375000e+02
9.944467163085937500e+02
9.692280273437500000e+02
9.911424560546875000e+02
9.755226440429687500e+02
1.028920166015625000e+03
9.906025390625000000e+02
1.030866088867187500e+03
9.843469238281250000e+02
1.016989135742187500e+03
1.026853149414062500e+03
1.569323120117187500e+03
1.761875122070312500e+03
1.740199218750000000e+03
1.713576049804687500e+03
1.411462158203125000e+03
1.202237548828125000e+03
1.133921508789062500e+03
1.107915283203125000e+03
1.089567016601562500e+03
1.102062377929687500e+03
1.083101684570312500e+03
1.259093994140625000e+03
1.637810058593750000e+03
1.739895996093750000e+03
1.675514282226562500e+03
1.614871704101562500e+03
1.417499023437500000e+03
1.143861206054687500e+03
1.084178588867187500e+03
1.009695495605468750e+03
1.105016845703125000e+03
1.055919067382812500e+03
1.034666870117187500e+03
1.150378784179687500e+03
1.659879028320312500e+03
1.803547363281250000e+03
1.796823852539062500e+03
1.737214721679687500e+03
1.437315063476562500e+03
1.176415649414062500e+03
1.092246582031250000e+03
1.070863769531250000e+03
1.060789428710937500e+03
1.062728149414062500e+03
1.055690063476562500e+03
1.187116943359375000e+03
1.672744750976562500e+03
1.814719604492187500e+03
1.777557861328125000e+03
1.764655273437500000e+03
1.419517456054687500e+03
1.179330688476562500e+03
1.079585083007812500e+03
1.070069824218750000e+03
1.059276489257812500e+03
1.065140258789062500e+03
1.063003417968750000e+03
1.167514648437500000e+03
1.630040771484375000e+03
1.749647705078125000e+03
1.715758300781250000e+03
1.630121704101562500e+03
1.388182983398437500e+03
1.104624145507812500e+03
1.062616577148437500e+03
1.062193359375000000e+03
1.039217651367187500e+03
1.049309448242187500e+03
1.064859375000000000e+03
1.045933471679687500e+03
1.062823120117187500e+03
1.082459960937500000e+03
1.030367675781250000e+03
9.967159423828125000e+02
9.987631835937500000e+02
1.004301879882812500e+03
1.011390136718750000e+03
1.040846313476562500e+03
1.033744995117187500e+03
1.011026855468750000e+03
1.004364318847656250e+03
1.018519714355468750e+03
1.028444946289062500e+03
1.034537475585937500e+03
1.015210205078125000e+03
1.026713256835937500e+03
9.921939086914062500e+02
1.036851928710937500e+03
1.040311889648437500e+03
1.057178833007812500e+03
1.066625854492187500e+03
1.014688598632812500e+03
9.926817626953125000e+02
1.150639404296875000e+03
1.707519531250000000e+03
1.772038330078125000e+03
1.801658447265625000e+03
1.704368530273437500e+03
1.458892578125000000e+03
1.196868041992187500e+03
1.141707153320312500e+03
1.132392822265625000e+03
1.162442993164062500e+03
1.169246826171875000e+03
1.187935546875000000e+03
1.338937866210937500e+03
1.683691406250000000e+03
1.780592895507812500e+03
1.747305297851562500e+03
1.743040649414062500e+03
1.442048950195312500e+03
1.217904907226562500e+03
1.102570434570312500e+03
1.112595458984375000e+03
1.144883666992187500e+03
1.168359497070312500e+03
1.137101196289062500e+03
1.307613281250000000e+03
1.586295410156250000e+03
1.685156982421875000e+03
1.756936279296875000e+03
1.670613525390625000e+03
1.411892822265625000e+03
1.154650024414062500e+03
1.107685180664062500e+03
1.140193603515625000e+03
1.127331665039062500e+03
1.093056518554687500e+03
1.076970214843750000e+03
1.215859130859375000e+03
1.632797851562500000e+03
1.689484008789062500e+03
1.708604248046875000e+03
1.670947631835937500e+03
1.456666503906250000e+03
1.184856201171875000e+03
1.075611083984375000e+03
1.102212768554687500e+03
1.084781494140625000e+03
1.084963134765625000e+03
1.077561889648437500e+03
1.189485229492187500e+03
1.674840820312500000e+03
1.683073242187500000e+03
1.692638793945312500e+03
1.572008300781250000e+03
1.388954711914062500e+03
1.122682617187500000e+03
1.058383178710937500e+03
1.027328369140625000e+03
1.024801025390625000e+03
1.015066650390625000e+03
1.005653442382812500e+03
1.084874755859375000e+03
1.014755310058593750e+03
1.044067382812500000e+03
9.982834472656250000e+02
9.857085571289062500e+02
9.743897705078125000e+02
9.779270629882812500e+02
9.927901000976562500e+02
9.756480712890625000e+02
9.811971435546875000e+02
9.784227294921875000e+02
9.824390869140625000e+02
9.736243896484375000e+02
9.978361206054687500e+02
9.781906127929687500e+02
9.913906250000000000e+02
1.000247314453125000e+03
1.015850341796875000e+03
1.006098022460937500e+03
1.024789550781250000e+03
1.041773071289062500e+03
1.027198974609375000e+03
1.048166503906250000e+03
1.133054199218750000e+03
1.137061889648437500e+03
1.575413696289062500e+03
1.773062255859375000e+03
1.660886962890625000e+03
1.690610473632812500e+03
1.462233520507812500e+03
1.210408203125000000e+03
1.129408935546875000e+03
1.074640625000000000e+03
1.053137207031250000e+03
1.167695556640625000e+03
1.181887084960937500e+03
1.228426757812500000e+03
1.621631591796875000e+03
1.690626342773437500e+03
1.699608276367187500e+03
1.707108764648437500e+03
1.410725341796875000e+03
1.174502441406250000e+03
1.109572509765625000e+03
1.137004028320312500e+03
1.131562255859375000e+03
1.117014892578125000e+03
1.103366333007812500e+03
1.223799316406250000e+03
1.590696411132812500e+03
1.650017700195312500e+03
1.663500000000000000e+03
1.661913696289062500e+03
1.502879394531250000e+03
1.247991088867187500e+03
1.112456665039062500e+03
1.041252319335937500e+03
1.028907226562500000e+03
1.096150634765625000e+03
1.077350463867187500e+03
1.239484008789062500e+03
1.703122924804687500e+03
1.701628662109375000e+03
1.760278076171875000e+03
1.643204223632812500e+03
1.414050903320312500e+03
1.145101440429687500e+03
1.081652465820312500e+03
1.027651245117187500e+03
1.029790283203125000e+03
1.034892944335937500e+03
1.062769775390625000e+03
1.182995849609375000e+03
1.604510986328125000e+03
1.647904907226562500e+03
1.685482177734375000e+03
1.600210449218750000e+03
1.353323852539062500e+03
1.119452392578125000e+03
1.020019897460937500e+03
9.628061523437500000e+02
1.001765808105468750e+03
9.694720458984375000e+02
9.712716674804687500e+02
9.987823486328125000e+02
9.373596191406250000e+02
9.390313110351562500e+02
9.431896972656250000e+02
9.397611083984375000e+02
9.418789672851562500e+02
9.395725708007812500e+02
9.574882202148437500e+02
9.601057739257812500e+02
9.931275024414062500e+02
9.990470581054687500e+02
9.711544799804687500e+02
9.571978149414062500e+02
9.599419555664062500e+02
9.497073364257812500e+02
9.233057250976562500e+02
1.001197937011718750e+03
9.301896362304687500e+02
9.169863281250000000e+02
9.277451782226562500e+02
9.433243408203125000e+02
9.520580444335937500e+02
9.556845703125000000e+02
9.621593627929687500e+02
9.758624267578125000e+02
1.462329589843750000e+03
1.651760131835937500e+03
1.665098266601562500e+03
1.599211059570312500e+03
1.323631225585937500e+03
1.091119140625000000e+03
1.063330322265625000e+03
1.061903808593750000e+03
1.079332153320312500e+03
1.080924804687500000e+03
1.083288696289062500e+03
1.234106933593750000e+03
1.605944702148437500e+03
1.722514404296875000e+03
1.701353515625000000e+03
1.633476806640625000e+03
1.388621215820312500e+03
1.131181396484375000e+03
1.067360717773437500e+03
1.010367675781250000e+03
1.018643920898437500e+03
1.020699157714843750e+03
1.011916625976562500e+03
1.144854003906250000e+03
1.610873779296875000e+03
1.765425048828125000e+03
1.710317871093750000e+03
1.670766357421875000e+03
1.427226562500000000e+03
1.131204223632812500e+03
1.021492553710937500e+03
1.017281860351562500e+03
1.016075805664062500e+03
1.027428222656250000e+03
1.000113464355468750e+03
1.186283447265625000e+03
1.592573242187500000e+03
1.721954711914062500e+03
1.683788330078125000e+03
1.642116577148437500e+03
1.375142822265625000e+03
1.075458251953125000e+03
1.021169616699218750e+03
9.995324707031250000e+02
1.009044860839843750e+03
1.018452941894531250e+03
1.021204956054687500e+03
1.114390014648437500e+03
1.583259399414062500e+03
1.736106811523437500e+03
1.692453369140625000e+03
1.605598754882812500e+03
1.337577026367187500e+03
1.068214965820312500e+03
9.873995361328125000e+02
9.938677368164062500e+02
9.765852050781250000e+02
9.461450805664062500e+02
9.630426025390625000e+02
9.248838500976562500e+02
9.116068115234375000e+02
9.360802001953125000e+02
9.237939453125000000e+02
9.288524780273437500e+02
9.441267089843750000e+02
9.527866821289062500e+02
9.459534912109375000e+02
9.407496948242187500e+02
9.416270751953125000e+02
9.456527709960937500e+02
9.360654296875000000e+02
9.224340209960937500e+02
9.227306518554687500e+02
9.251723632812500000e+02
9.591248168945312500e+02
9.406550903320312500e+02
9.186471557617187500e+02
9.121600341796875000e+02
9.140219726562500000e+02
9.527745971679687500e+02
9.570676269531250000e+02
9.698352661132812500e+02
9.758678588867187500e+02
9.967878417968750000e+02
1.444672485351562500e+03
1.619634765625000000e+03
1.658559326171875000e+03
1.564271850585937500e+03
1.331961181640625000e+03
1.071278686523437500e+03
1.034277587890625000e+03
1.003077026367187500e+03
9.895061645507812500e+02
9.810152587890625000e+02
9.749049072265625000e+02
1.116711547851562500e+03
1.586839355468750000e+03
1.753399536132812500e+03
1.725968750000000000e+03
1.655277343750000000e+03
1.378184570312500000e+03
1.113829711914062500e+03
1.036365112304687500e+03
9.974504394531250000e+02
1.006822387695312500e+03
9.990554809570312500e+02
9.794414672851562500e+02
1.054541503906250000e+03
1.574604248046875000e+03
1.721545410156250000e+03
1.673868652343750000e+03
1.620390869140625000e+03
1.336838012695312500e+03
1.070071289062500000e+03
1.019272399902343750e+03
1.023878051757812500e+03
9.871707763671875000e+02
9.771934204101562500e+02
9.795305175781250000e+02
1.127033203125000000e+03
1.545920776367187500e+03
1.721329589843750000e+03
1.622595825195312500e+03
1.631624633789062500e+03
1.341504150390625000e+03
1.065356323242187500e+03
1.006873474121093750e+03
1.007288635253906250e+03
9.589396362304687500e+02
9.674121704101562500e+02
9.750917968750000000e+02
1.102372680664062500e+03
1.556638427734375000e+03
1.711063110351562500e+03
1.657155395507812500e+03
1.638491943359375000e+03
1.324052978515625000e+03
1.050961791992187500e+03
9.890789794921875000e+02
1.028598632812500000e+03
9.786127319335937500e+02
9.598402099609375000e+02
1.004423950195312500e+03
1.103480712890625000e+03
9.175259399414062500e+02
9.570229492187500000e+02
9.467082519531250000e+02
9.408244018554687500e+02
9.549544677734375000e+02
9.414487304687500000e+02
9.388801879882812500e+02
9.434945068359375000e+02
9.492435913085937500e+02
9.507233276367187500e+02
9.435083007812500000e+02
9.273995971679687500e+02
9.235864868164062500e+02
9.230541992187500000e+02
9.161383056640625000e+02
9.234129028320312500e+02
9.110486450195312500e+02
9.243400268554687500e+02
9.038666992187500000e+02
9.434835205078125000e+02
9.658614501953125000e+02
9.849491577148437500e+02
1.007616638183593750e+03
1.020553955078125000e+03
1.476569335937500000e+03
1.625270874023437500e+03
1.621157104492187500e+03
1.592543823242187500e+03
1.365619628906250000e+03
1.070242309570312500e+03
1.046247436523437500e+03
1.026031616210937500e+03
1.033231567382812500e+03
1.045963256835937500e+03
1.025962036132812500e+03
1.195930297851562500e+03
1.615474487304687500e+03
1.786127929687500000e+03
1.642707275390625000e+03
1.660801879882812500e+03
1.411836914062500000e+03
1.133094116210937500e+03
1.077911010742187500e+03
9.929711914062500000e+02
1.019507568359375000e+03
1.007104614257812500e+03
9.907959594726562500e+02
1.195485961914062500e+03
1.605327392578125000e+03
1.756609985351562500e+03
1.630484741210937500e+03
1.645141723632812500e+03
1.375648925781250000e+03
1.091384399414062500e+03
1.076464111328125000e+03
1.031231689453125000e+03
1.100421875000000000e+03
1.067959716796875000e+03
1.059409423828125000e+03
1.172724609375000000e+03
1.567150756835937500e+03
1.740398803710937500e+03
1.706503540039062500e+03
1.700769042968750000e+03
1.407465332031250000e+03
1.136317626953125000e+03
1.053220703125000000e+03
1.049386352539062500e+03
1.071484252929687500e+03
1.034717407226562500e+03
1.023925170898437500e+03
1.202587646484375000e+03
1.584856689453125000e+03
1.761740112304687500e+03
1.690376464843750000e+03
1.628651123046875000e+03
1.384563232421875000e+03
1.078769165039062500e+03
1.057808227539062500e+03
1.033413940429687500e+03
1.029389282226562500e+03
1.030986694335937500e+03
1.030210327148437500e+03
1.019101562500000000e+03
9.975800170898437500e+02
9.911706542968750000e+02
9.742317504882812500e+02
9.493634033203125000e+02
9.400462036132812500e+02
9.429524536132812500e+02
9.362796630859375000e+02
9.588732299804687500e+02
9.737982788085937500e+02
9.458273315429687500e+02
9.405037231445312500e+02
9.340087890625000000e+02
9.283507690429687500e+02
9.324155273437500000e+02
9.369379272460937500e+02
9.308076171875000000e+02
9.717963867187500000e+02
9.739448242187500000e+02
9.996381225585937500e+02
1.031134399414062500e+03
9.991469726562500000e+02
9.656766967773437500e+02
9.761470336914062500e+02
1.026080932617187500e+03
1.583743652343750000e+03
1.675843261718750000e+03
1.649633422851562500e+03
1.607435668945312500e+03
1.374729858398437500e+03
1.113938598632812500e+03
1.048029541015625000e+03
1.033333496093750000e+03
1.030620361328125000e+03
1.022906799316406250e+03
1.029678588867187500e+03
1.188161499023437500e+03
1.615561279296875000e+03
1.740326660156250000e+03
1.722913940429687500e+03
1.644786499023437500e+03
1.398040283203125000e+03
1.127593139648437500e+03
1.024426513671875000e+03
1.032910644531250000e+03
1.000786743164062500e+03
9.882091064453125000e+02
9.737761840820312500e+02
1.104941162109375000e+03
1.596988891601562500e+03
1.683053833007812500e+03
1.656125244140625000e+03
1.569404174804687500e+03
1.320713989257812500e+03
1.058289794921875000e+03
1.013308349609375000e+03
1.030100708007812500e+03
1.001593750000000000e+03
9.873645019531250000e+02
9.843869628906250000e+02
1.100163818359375000e+03
1.528921508789062500e+03
1.667057739257812500e+03
1.624136230468750000e+03
1.580885620117187500e+03
1.325253906250000000e+03
1.064524414062500000e+03
1.005155517578125000e+03
1.010258544921875000e+03
9.775579833984375000e+02
9.787512817382812500e+02
9.812260742187500000e+02
1.129074462890625000e+03
1.519419921875000000e+03
1.643463989257812500e+03
1.575807495117187500e+03
1.591958129882812500e+03
1.334923706054687500e+03
1.052966918945312500e+03
1.009355957031250000e+03
1.036075561523437500e+03
1.026341796875000000e+03
1.026355224609375000e+03
1.031123291015625000e+03
1.146866333007812500e+03
9.505608520507812500e+02
9.628933715820312500e+02
9.565430297851562500e+02
9.507064208984375000e+02
9.464310302734375000e+02
9.448240966796875000e+02
9.388283081054687500e+02
9.405773925781250000e+02
9.558878173828125000e+02
9.639331665039062500e+02
9.493286132812500000e+02
9.337636108398437500e+02
9.299656982421875000e+02
9.295040283203125000e+02
9.244223632812500000e+02
9.195150146484375000e+02
9.129102783203125000e+02
9.206252441406250000e+02
9.199453125000000000e+02
9.312111816406250000e+02
9.413966674804687500e+02
9.653765258789062500e+02
9.794295043945312500e+02
9.987669677734375000e+02
1.436583374023437500e+03
1.618428955078125000e+03
1.610670776367187500e+03
1.590670043945312500e+03
1.379107055664062500e+03
1.067892211914062500e+03
9.646480712890625000e+02
9.511661376953125000e+02
9.590437622070312500e+02
9.591995849609375000e+02
9.697189941406250000e+02
1.074220214843750000e+03
1.494760009765625000e+03
1.739653686523437500e+03
1.707599853515625000e+03
1.616502441406250000e+03
1.338330688476562500e+03
1.052402587890625000e+03
9.789786987304687500e+02
1.001519775390625000e+03
9.958136596679687500e+02
9.642249755859375000e+02
9.669098510742187500e+02
1.097211914062500000e+03
1.535040649414062500e+03
1.745297607421875000e+03
1.740492187500000000e+03
1.646205200195312500e+03
1.323367309570312500e+03
1.068343505859375000e+03
9.776954956054687500e+02
9.784137573242187500e+02
9.714197998046875000e+02
9.657314453125000000e+02
9.670520019531250000e+02
1.103591186523437500e+03
1.547156127929687500e+03
1.648562255859375000e+03
1.658771118164062500e+03
1.546465820312500000e+03
1.328025756835937500e+03
1.063274902343750000e+03
9.643245849609375000e+02
9.616873168945312500e+02
9.764931030273437500e+02
9.751210937500000000e+02
9.695838623046875000e+02
1.083231445312500000e+03
1.383779052734375000e+03
1.656306518554687500e+03
1.626572265625000000e+03
1.553202514648437500e+03
1.267476440429687500e+03
1.027193603515625000e+03
9.705305175781250000e+02
1.004460021972656250e+03
9.876001586914062500e+02
9.818306274414062500e+02
9.838577880859375000e+02
1.112699829101562500e+03
9.187184448242187500e+02
9.308663940429687500e+02
9.366615600585937500e+02
9.421781005859375000e+02
9.448419799804687500e+02
9.440051269531250000e+02
9.350728149414062500e+02
9.347575073242187500e+02
9.393173828125000000e+02
9.424767456054687500e+02
9.401525268554687500e+02
9.205862426757812500e+02
9.202518310546875000e+02
9.280899047851562500e+02
9.260663452148437500e+02
9.277032470703125000e+02
9.215041503906250000e+02
9.276798706054687500e+02
9.444827270507812500e+02
9.535899047851562500e+02
9.609202880859375000e+02
9.846931762695312500e+02
9.991749877929687500e+02
1.035975585937500000e+03
1.440730224609375000e+03
1.604047119140625000e+03
1.597323608398437500e+03
1.546081909179687500e+03
1.329171630859375000e+03
1.045831787109375000e+03
9.873768310546875000e+02
9.857881469726562500e+02
9.820939941406250000e+02
9.769827270507812500e+02
9.742005004882812500e+02
1.081433593750000000e+03
1.457491943359375000e+03
1.684760498046875000e+03
1.657746337890625000e+03
1.582043579101562500e+03
1.292198730468750000e+03
1.025975219726562500e+03
9.791552734375000000e+02
9.902199707031250000e+02
9.934748535156250000e+02
9.847236328125000000e+02
9.843983154296875000e+02
1.132741943359375000e+03
1.473118530273437500e+03
1.593236206054687500e+03
1.651523803710937500e+03
1.560304321289062500e+03
1.311961303710937500e+03
1.048534179687500000e+03
1.022325622558593750e+03
1.035072998046875000e+03
1.035518310546875000e+03
1.026545043945312500e+03
1.026472167968750000e+03
1.142729370117187500e+03
1.536912109375000000e+03
1.727945556640625000e+03
1.664446899414062500e+03
1.614223876953125000e+03
1.355492675781250000e+03
1.093927368164062500e+03
9.846411743164062500e+02
9.706195678710937500e+02
9.512825927734375000e+02
9.338561401367187500e+02
9.253092651367187500e+02
1.074531982421875000e+03
1.387643066406250000e+03
1.501636230468750000e+03
1.477863037109375000e+03
1.559822509765625000e+03
1.257661254882812500e+03
1.019995300292968750e+03
9.792707519531250000e+02
1.026166992187500000e+03
1.030734130859375000e+03
1.008488220214843750e+03
9.942189331054687500e+02
9.755493164062500000e+02
9.051934814453125000e+02
9.281935424804687500e+02
9.292286376953125000e+02
9.178077392578125000e+02
9.192601318359375000e+02
9.259548950195312500e+02
9.169609985351562500e+02
9.157703247070312500e+02
9.128270263671875000e+02
9.105890502929687500e+02
9.087719116210937500e+02
8.979083251953125000e+02
8.958643188476562500e+02
8.993248291015625000e+02
9.069946289062500000e+02
9.096990356445312500e+02
9.135365600585937500e+02
9.086992797851562500e+02
9.235182495117187500e+02
9.323362426757812500e+02
9.324208374023437500e+02
9.193075561523437500e+02
9.166619262695312500e+02
9.244505004882812500e+02
1.420469238281250000e+03
1.623137573242187500e+03
1.553135253906250000e+03
1.531719848632812500e+03
1.332546630859375000e+03
1.039644165039062500e+03
9.723118286132812500e+02
9.869645996093750000e+02
1.002148132324218750e+03
9.953329467773437500e+02
9.871340332031250000e+02
1.089594970703125000e+03
1.457602661132812500e+03
1.633481811523437500e+03
1.600680786132812500e+03
1.569255371093750000e+03
1.275598266601562500e+03
1.067382812500000000e+03
1.012086547851562500e+03
9.935411376953125000e+02
9.789556274414062500e+02
9.821632080078125000e+02
9.811218261718750000e+02
1.105434326171875000e+03
1.458142089843750000e+03
1.652878784179687500e+03
1.696018066406250000e+03
1.597632690429687500e+03
1.316952880859375000e+03
1.054446777343750000e+03
9.848231201171875000e+02
1.002937805175781250e+03
1.011046936035156250e+03
1.004315429687500000e+03
9.981845092773437500e+02
1.161951660156250000e+03
1.519332763671875000e+03
1.635158447265625000e+03
1.703252075195312500e+03
1.610671386718750000e+03
1.348410766601562500e+03
1.065108642578125000e+03
1.014518310546875000e+03
1.006316650390625000e+03
1.000325195312500000e+03
9.944179687500000000e+02
9.875919799804687500e+02
1.086465942382812500e+03
1.489903564453125000e+03
1.627162597656250000e+03
1.591982666015625000e+03
1.511986938476562500e+03
1.244916381835937500e+03
1.024671630859375000e+03
9.789274902343750000e+02
9.771940917968750000e+02
1.004072937011718750e+03
1.000836730957031250e+03
9.889136962890625000e+02
9.965238647460937500e+02
9.096384887695312500e+02
9.316801147460937500e+02
9.369540405273437500e+02
9.446018676757812500e+02
9.496431274414062500e+02
9.478685302734375000e+02
9.403326416015625000e+02
9.331036987304687500e+02
9.310898437500000000e+02
9.396651000976562500e+02
9.446209716796875000e+02
9.234956054687500000e+02
9.188137817382812500e+02
9.259274902343750000e+02
9.294000854492187500e+02
9.197449951171875000e+02
9.225559082031250000e+02
9.244904785156250000e+02
9.297791748046875000e+02
9.395722656250000000e+02
9.448555908203125000e+02
9.577177734375000000e+02
9.662168579101562500e+02
9.914955444335937500e+02
1.435188232421875000e+03
1.576010131835937500e+03
1.592776977539062500e+03
1.572336181640625000e+03
1.351983032226562500e+03
1.040307861328125000e+03
9.773359375000000000e+02
9.677108764648437500e+02
9.667310791015625000e+02
9.570911865234375000e+02
9.708031005859375000e+02
1.086877319335937500e+03
1.486446289062500000e+03
1.664506835937500000e+03
1.627408691406250000e+03
1.575329956054687500e+03
1.325281738281250000e+03
1.061443725585937500e+03
9.932141723632812500e+02
1.020025146484375000e+03
1.005668518066406250e+03
9.937738037109375000e+02
9.884833374023437500e+02
1.107943359375000000e+03
1.524342895507812500e+03
1.535446777343750000e+03
1.517335205078125000e+03
1.516964233398437500e+03
1.294401977539062500e+03
1.081097900390625000e+03
1.009995788574218750e+03
1.044192749023437500e+03
1.047006713867187500e+03
1.036594848632812500e+03
1.024136352539062500e+03
1.079077514648437500e+03
1.466681396484375000e+03
1.650591552734375000e+03
1.603617797851562500e+03
1.600772583007812500e+03
1.346384643554687500e+03
1.094052246093750000e+03
1.005937927246093750e+03
9.991171264648437500e+02
9.652780151367187500e+02
9.423773803710937500e+02
9.537920532226562500e+02
1.063178466796875000e+03
1.378272216796875000e+03
1.494823852539062500e+03
1.546892333984375000e+03
1.489728393554687500e+03
1.276885498046875000e+03
1.017198974609375000e+03
9.919920043945312500e+02
1.013893005371093750e+03
1.009910522460937500e+03
1.007401306152343750e+03
9.942619628906250000e+02
9.931838989257812500e+02
9.162120361328125000e+02
9.240322875976562500e+02
9.297513427734375000e+02
9.295999755859375000e+02
9.315787963867187500e+02
9.398684692382812500e+02
9.351477050781250000e+02
9.322465820312500000e+02
9.246212768554687500e+02
9.231085205078125000e+02
9.272154541015625000e+02
9.173518676757812500e+02
9.082265014648437500e+02
9.042712402343750000e+02
9.097860107421875000e+02
9.143328247070312500e+02
9.238488159179687500e+02
9.346826782226562500e+02
9.389921875000000000e+02
9.444498901367187500e+02
9.466428222656250000e+02
9.597667846679687500e+02
9.553070678710937500e+02
9.828325805664062500e+02
1.420447387695312500e+03
1.572451293945312500e+03
1.584343627929687500e+03
1.539797851562500000e+03
1.336189208984375000e+03
1.030240356445312500e+03
9.787241821289062500e+02
1.001561035156250000e+03
1.015851074218750000e+03
1.012265625000000000e+03
1.001675964355468750e+03
1.128351196289062500e+03
1.506888671875000000e+03
1.660532348632812500e+03
1.591367431640625000e+03
1.560139282226562500e+03
1.318788085937500000e+03
1.061782470703125000e+03
9.935349731445312500e+02
1.033173217773437500e+03
1.020197509765625000e+03
1.009810180664062500e+03
9.956098022460937500e+02
1.109002441406250000e+03
1.408410400390625000e+03
1.563718627929687500e+03
1.546031982421875000e+03
1.527909790039062500e+03
1.325715087890625000e+03
1.069762939453125000e+03
1.002584838867187500e+03
1.036547607421875000e+03
1.002240905761718750e+03
9.995507812500000000e+02
9.944058227539062500e+02
1.105585937500000000e+03
1.462212524414062500e+03
1.592153320312500000e+03
1.594740600585937500e+03
1.561933227539062500e+03
1.302794677734375000e+03
1.052539184570312500e+03
1.000684509277343750e+03
1.015331604003906250e+03
1.003606994628906250e+03
9.913711547851562500e+02
9.884916992187500000e+02
1.085030517578125000e+03
1.397461547851562500e+03
1.550424682617187500e+03
1.550106079101562500e+03
1.496752563476562500e+03
1.263015014648437500e+03
9.888173828125000000e+02
9.845902709960937500e+02
9.801299438476562500e+02
9.839121704101562500e+02
9.741994628906250000e+02
9.698739013671875000e+02
1.039484619140625000e+03
8.485421142578125000e+02
9.201545410156250000e+02
9.158959350585937500e+02
9.329368896484375000e+02
9.400550537109375000e+02
9.320294189453125000e+02
9.334217529296875000e+02
9.313292846679687500e+02
9.453680419921875000e+02
9.428685913085937500e+02
9.320508422851562500e+02
9.180089721679687500e+02
9.070797119140625000e+02
8.882971801757812500e+02
9.153101806640625000e+02
9.109320068359375000e+02
9.210511474609375000e+02
9.315341186523437500e+02
9.379175415039062500e+02
9.371038818359375000e+02
9.411892089843750000e+02
9.485455932617187500e+02
9.736923828125000000e+02
9.886360473632812500e+02
1.424839355468750000e+03
1.558840820312500000e+03
1.536960571289062500e+03
1.490065185546875000e+03
1.302351562500000000e+03
1.058111572265625000e+03
1.012553894042968750e+03
1.002719177246093750e+03
1.022203002929687500e+03
1.020270202636718750e+03
1.012981445312500000e+03
1.090171020507812500e+03
1.416180664062500000e+03
1.653278564453125000e+03
1.602579833984375000e+03
1.549851928710937500e+03
1.284397216796875000e+03
1.033017578125000000e+03
1.001794677734375000e+03
9.913903198242187500e+02
1.020978332519531250e+03
1.007414306640625000e+03
9.906899414062500000e+02
1.130699584960937500e+03
1.426876342773437500e+03
1.638362670898437500e+03
1.549419067382812500e+03
1.545362304687500000e+03
1.317161132812500000e+03
1.083678833007812500e+03
1.000671752929687500e+03
1.002647460937500000e+03
1.022368347167968750e+03
1.026250366210937500e+03
1.013255737304687500e+03
1.146640502929687500e+03
1.491691040039062500e+03
1.654338867187500000e+03
1.648378173828125000e+03
1.571666137695312500e+03
1.334427490234375000e+03
1.082974487304687500e+03
1.005313476562500000e+03
9.880786132812500000e+02
9.900294799804687500e+02
9.678465576171875000e+02
9.705391235351562500e+02
1.095061401367187500e+03
1.423135742187500000e+03
1.549950805664062500e+03
1.539470458984375000e+03
1.502930664062500000e+03
1.291636108398437500e+03
1.021268127441406250e+03
9.923038330078125000e+02
9.690989379882812500e+02
9.518985595703125000e+02
9.621503295898437500e+02
9.670567016601562500e+02
9.394077148437500000e+02
9.105575561523437500e+02
9.323994140625000000e+02
9.207821044921875000e+02
9.246214599609375000e+02
9.281942749023437500e+02
9.336000366210937500e+02
9.256162109375000000e+02
9.168281860351562500e+02
9.167115478515625000e+02
9.191932373046875000e+02
9.197160034179687500e+02
9.004132080078125000e+02
9.040522460937500000e+02
9.045775756835937500e+02
9.152031250000000000e+02
9.276834716796875000e+02
9.313180541992187500e+02
9.322774658203125000e+02
9.271685791015625000e+02
9.292723388671875000e+02
9.317612915039062500e+02
9.361777343750000000e+02
9.387648315429687500e+02
9.579827880859375000e+02
1.446295043945312500e+03
1.598307128906250000e+03
1.598948242187500000e+03
1.513900390625000000e+03
1.327700927734375000e+03
1.047930908203125000e+03
9.832844238281250000e+02
1.000940063476562500e+03
9.906423339843750000e+02
9.642769165039062500e+02
9.653745727539062500e+02
1.082708618164062500e+03
1.473633789062500000e+03
1.617384155273437500e+03
1.590240966796875000e+03
1.542522460937500000e+03
1.300652832031250000e+03
1.053172973632812500e+03
1.019566528320312500e+03
1.015045654296875000e+03
1.006596313476562500e+03
1.002908447265625000e+03
9.954724121093750000e+02
1.111671752929687500e+03
1.513278076171875000e+03
1.567807861328125000e+03
1.574166748046875000e+03
1.545620849609375000e+03
1.324612182617187500e+03
1.065449218750000000e+03
1.002775939941406250e+03
1.041639404296875000e+03
1.011136474609375000e+03
1.004436889648437500e+03
9.919418334960937500e+02
1.119977172851562500e+03
1.452357543945312500e+03
1.640092041015625000e+03
1.591988037109375000e+03
1.573208862304687500e+03
1.345449218750000000e+03
1.050777099609375000e+03
9.853123779296875000e+02
1.022970703125000000e+03
1.028456176757812500e+03
1.014545837402343750e+03
1.006786865234375000e+03
1.083244628906250000e+03
1.435775512695312500e+03
1.622896484375000000e+03
1.609142822265625000e+03
1.509262573242187500e+03
1.286697509765625000e+03
1.031488281250000000e+03
9.778656005859375000e+02
1.027605834960937500e+03
9.868588256835937500e+02
9.636884155273437500e+02
9.779017944335937500e+02
8.897236328125000000e+02
8.675679321289062500e+02
9.232959594726562500e+02
9.271266479492187500e+02
9.280653076171875000e+02
9.318247680664062500e+02
9.307267456054687500e+02
9.294542846679687500e+02
9.282853393554687500e+02
9.302206420898437500e+02
9.420424194335937500e+02
9.230493774414062500e+02
9.246176147460937500e+02
8.995114135742187500e+02
9.138310546875000000e+02
9.070436401367187500e+02
9.176923828125000000e+02
9.237286987304687500e+02
9.230726928710937500e+02
9.197858886718750000e+02
9.414238281250000000e+02
9.386619262695312500e+02
9.422948608398437500e+02
9.697199707031250000e+02
9.930817871093750000e+02
1.335911254882812500e+03
1.603270751953125000e+03
1.553769775390625000e+03
1.529271484375000000e+03
1.311455078125000000e+03
1.037572998046875000e+03
9.807373657226562500e+02
9.553455810546875000e+02
9.584769897460937500e+02
9.619300537109375000e+02
9.687678833007812500e+02
1.100861083984375000e+03
1.456682495117187500e+03
1.570995117187500000e+03
1.588227783203125000e+03
1.539275634765625000e+03
1.291571655273437500e+03
1.042826416015625000e+03
9.778361816406250000e+02
1.001767211914062500e+03
9.837135620117187500e+02
9.610488891601562500e+02
9.525324096679687500e+02
1.038892700195312500e+03
1.351625122070312500e+03
1.668182739257812500e+03
1.552685913085937500e+03
1.524626220703125000e+03
1.286098632812500000e+03
1.018861206054687500e+03
9.785825195312500000e+02
9.593042602539062500e+02
9.483351440429687500e+02
9.488719482421875000e+02
9.555736083984375000e+02
1.065790283203125000e+03
1.338167114257812500e+03
1.627836181640625000e+03
1.560317016601562500e+03
1.508215209960937500e+03
1.292021606445312500e+03
1.033492431640625000e+03
9.720637817382812500e+02
9.713646850585937500e+02
9.418959350585937500e+02
9.421251831054687500e+02
9.525001220703125000e+02
1.028574584960937500e+03
1.266990356445312500e+03
1.638608276367187500e+03
1.544925903320312500e+03
1.491077148437500000e+03
1.247465576171875000e+03
9.941027832031250000e+02
9.648434448242187500e+02
9.403220825195312500e+02
9.191121215820312500e+02
9.155758666992187500e+02
9.402021484375000000e+02
1.019888061523437500e+03
9.065378417968750000e+02
9.273056030273437500e+02
9.203900146484375000e+02
9.208811645507812500e+02
9.170687866210937500e+02
9.182233276367187500e+02
9.179309082031250000e+02
9.062648925781250000e+02
9.028930053710937500e+02
9.087191772460937500e+02
9.048889770507812500e+02
8.917354125976562500e+02
8.703239135742187500e+02
8.964123535156250000e+02
9.101308593750000000e+02
9.141361083984375000e+02
9.187204589843750000e+02
9.185341796875000000e+02
9.042903442382812500e+02
9.024633178710937500e+02
9.133906250000000000e+02
9.148616333007812500e+02
9.233179931640625000e+02
9.270588989257812500e+02
1.404392822265625000e+03
1.599901000976562500e+03
1.537932861328125000e+03
1.530381713867187500e+03
1.310574707031250000e+03
1.032765747070312500e+03
9.935306396484375000e+02
9.838311767578125000e+02
9.873582153320312500e+02
9.841310424804687500e+02
9.829420776367187500e+02
1.101581542968750000e+03
1.430323364257812500e+03
1.590545043945312500e+03
1.586624755859375000e+03
1.501926879882812500e+03
1.242828735351562500e+03
1.076415039062500000e+03
9.911427001953125000e+02
9.991633911132812500e+02
9.929652099609375000e+02
9.943906250000000000e+02
9.886161499023437500e+02
1.087476440429687500e+03
1.363848632812500000e+03
1.516471435546875000e+03
1.448142700195312500e+03
1.442959838867187500e+03
1.296106933593750000e+03
1.099295654296875000e+03
9.692832641601562500e+02
1.035273803710937500e+03
1.028579956054687500e+03
1.023168640136718750e+03
1.022453674316406250e+03
1.124149902343750000e+03
1.457295166015625000e+03
1.616382934570312500e+03
1.555236816406250000e+03
1.549690917968750000e+03
1.308820922851562500e+03
1.080321533203125000e+03
1.015843811035156250e+03
1.022892089843750000e+03
1.015368896484375000e+03
1.014859802246093750e+03
9.973905029296875000e+02
1.102008422851562500e+03
1.349247436523437500e+03
1.528382324218750000e+03
1.519474121093750000e+03
1.474676147460937500e+03
1.267712890625000000e+03
1.022104553222656250e+03
9.871098632812500000e+02
9.589044189453125000e+02
9.314128417968750000e+02
9.303688354492187500e+02
9.337939453125000000e+02
9.697116699218750000e+02
8.899689331054687500e+02
9.092361450195312500e+02
9.183850708007812500e+02
9.154553222656250000e+02
9.161083374023437500e+02
9.165029907226562500e+02
9.135895996093750000e+02
9.055794677734375000e+02
9.098854980468750000e+02
9.130290527343750000e+02
9.100077514648437500e+02
9.020093994140625000e+02
8.937280273437500000e+02
9.158609008789062500e+02
9.148882446289062500e+02
9.112589721679687500e+02
9.161383666992187500e+02
9.162844238281250000e+02
9.164402465820312500e+02
9.097667236328125000e+02
9.223473510742187500e+02
9.285412597656250000e+02
9.309368286132812500e+02
9.323712768554687500e+02
1.432223510742187500e+03
1.572006958007812500e+03
1.547052978515625000e+03
1.509082031250000000e+03
1.287372558593750000e+03
1.070195190429687500e+03
9.911323852539062500e+02
9.822525634765625000e+02
9.886828613281250000e+02
9.909753417968750000e+02
9.863591308593750000e+02
1.099433837890625000e+03
1.438423706054687500e+03
1.606122070312500000e+03
1.572831420898437500e+03
1.529008544921875000e+03
1.295747070312500000e+03
1.066994384765625000e+03
1.006918640136718750e+03
1.034139160156250000e+03
1.041653442382812500e+03
1.025338134765625000e+03
1.011112426757812500e+03
1.104319335937500000e+03
1.461886108398437500e+03
1.583289794921875000e+03
1.557483276367187500e+03
1.500388916015625000e+03
1.298757568359375000e+03
1.069153442382812500e+03
9.989971923828125000e+02
1.019069396972656250e+03
1.012590576171875000e+03
1.005614379882812500e+03
9.969105834960937500e+02
1.108988037109375000e+03
1.414336914062500000e+03
1.534314819335937500e+03
1.547204711914062500e+03
1.489248535156250000e+03
1.304828735351562500e+03
1.078317504882812500e+03
9.975142822265625000e+02
1.030697387695312500e+03
1.027916992187500000e+03
1.019724548339843750e+03
1.006609069824218750e+03
1.097231567382812500e+03
1.429918457031250000e+03
1.553555908203125000e+03
1.541458007812500000e+03
1.436231079101562500e+03
1.261234985351562500e+03
1.008308532714843750e+03
9.944721679687500000e+02
9.498328247070312500e+02
9.356826171875000000e+02
9.307839355468750000e+02
9.357281494140625000e+02
9.889409790039062500e+02
8.935834350585937500e+02
9.122888183593750000e+02
9.117204589843750000e+02
9.117077636718750000e+02
9.096629028320312500e+02
9.064819335937500000e+02
9.003254394531250000e+02
8.924260864257812500e+02
8.965224609375000000e+02
8.972621459960937500e+02
8.910487670898437500e+02
8.823244628906250000e+02
8.671012573242187500e+02
8.876119384765625000e+02
9.029008178710937500e+02
9.106425781250000000e+02
9.225338745117187500e+02
9.116327514648437500e+02
9.097115478515625000e+02
9.077001342773437500e+02
9.183015136718750000e+02
9.184831542968750000e+02
9.274263916015625000e+02
9.281694335937500000e+02
1.418800415039062500e+03
1.540294189453125000e+03
1.508366821289062500e+03
1.501942871093750000e+03
1.276672363281250000e+03
1.090263916015625000e+03
1.002003417968750000e+03
9.840771484375000000e+02
9.855024414062500000e+02
9.878764038085937500e+02
9.831640014648437500e+02
1.056717529296875000e+03
1.370700073242187500e+03
1.580700683593750000e+03
1.534612670898437500e+03
1.527885742187500000e+03
1.308834228515625000e+03
1.094358032226562500e+03
1.000526123046875000e+03
1.034791870117187500e+03
1.034581176757812500e+03
1.033018554687500000e+03
1.024772460937500000e+03
1.121948608398437500e+03
1.498975219726562500e+03
1.678354248046875000e+03
1.638570922851562500e+03
1.606085937500000000e+03
1.320742309570312500e+03
1.063760742187500000e+03
1.001876525878906250e+03
1.002167968750000000e+03
9.931478881835937500e+02
9.880836791992187500e+02
9.760810546875000000e+02
1.087414184570312500e+03
1.402501098632812500e+03
1.496897094726562500e+03
1.548159912109375000e+03
1.501641479492187500e+03
1.281467407226562500e+03
1.013586303710937500e+03
9.982600708007812500e+02
1.005791503906250000e+03
1.013513488769531250e+03
1.012072875976562500e+03
1.001028747558593750e+03
1.111314941406250000e+03
1.452875366210937500e+03
1.621718627929687500e+03
1.588157470703125000e+03
1.546558227539062500e+03
1.287091186523437500e+03
1.016695495605468750e+03
9.861105957031250000e+02
1.020785095214843750e+03
1.042610107421875000e+03
1.037421630859375000e+03
1.030145629882812500e+03
1.107459228515625000e+03
9.268167724609375000e+02
9.476118774414062500e+02
9.487896728515625000e+02
9.472514038085937500e+02
9.418982543945312500e+02
9.405552978515625000e+02
9.370430908203125000e+02
9.407881469726562500e+02
9.453545532226562500e+02
9.479228515625000000e+02
9.394824218750000000e+02
9.258800659179687500e+02
9.229274902343750000e+02
9.264576416015625000e+02
9.189063110351562500e+02
9.198511352539062500e+02
9.194911499023437500e+02
9.244802856445312500e+02
9.331191406250000000e+02
9.419322509765625000e+02
9.500830078125000000e+02
9.746021728515625000e+02
9.906359252929687500e+02
1.013843322753906250e+03
1.439347045898437500e+03
1.582254760742187500e+03
1.560232055664062500e+03
1.520934326171875000e+03
1.317876464843750000e+03
1.054486938476562500e+03
9.980552978515625000e+02
9.901315307617187500e+02
9.990769042968750000e+02
9.966608886718750000e+02
9.880203247070312500e+02
1.102675292968750000e+03
1.488172973632812500e+03
1.628382812500000000e+03
1.584127075195312500e+03
1.520347900390625000e+03
1.295655151367187500e+03
1.059253906250000000e+03
9.994682617187500000e+02
1.044219970703125000e+03
1.046991943359375000e+03
1.022329589843750000e+03
1.010414916992187500e+03
1.098268554687500000e+03
1.419954467773437500e+03
1.564492065429687500e+03
1.529999023437500000e+03
1.492087280273437500e+03
1.277645507812500000e+03
1.057903320312500000e+03
1.013635986328125000e+03
1.023185791015625000e+03
1.045558349609375000e+03
1.056061767578125000e+03
1.064270507812500000e+03
1.108505493164062500e+03
1.427711425781250000e+03
1.637948486328125000e+03
1.602443603515625000e+03
1.555295288085937500e+03
1.291573242187500000e+03
1.126937622070312500e+03
1.054992309570312500e+03
1.035465454101562500e+03
1.008583557128906250e+03
9.962379150390625000e+02
9.871718139648437500e+02
1.120471191406250000e+03
1.421484252929687500e+03
1.613834228515625000e+03
1.530402221679687500e+03
1.536249145507812500e+03
1.315684570312500000e+03
1.090737304687500000e+03
1.028313598632812500e+03
1.037910644531250000e+03
1.009130126953125000e+03
9.987639770507812500e+02
9.899069824218750000e+02
1.103077270507812500e+03
9.254990844726562500e+02
9.309252929687500000e+02
9.359232788085937500e+02
9.383421020507812500e+02
9.363034667968750000e+02
9.354692993164062500e+02
9.362030639648437500e+02
9.441315917968750000e+02
9.440559692382812500e+02
9.475716552734375000e+02
9.429873046875000000e+02
9.323943481445312500e+02
9.262492065429687500e+02
9.243369750976562500e+02
9.230209350585937500e+02
9.230878295898437500e+02
9.251271972656250000e+02
9.310126342773437500e+02
9.383929443359375000e+02
9.432412109375000000e+02
9.476059570312500000e+02
9.704000244140625000e+02
9.786099853515625000e+02
1.001815490722656250e+03
1.442402709960937500e+03
1.571483276367187500e+03
1.552334594726562500e+03
1.535562988281250000e+03
1.308777832031250000e+03
1.047734252929687500e+03
1.004392517089843750e+03
1.013756469726562500e+03
1.014664733886718750e+03
1.005378112792968750e+03
9.979080200195312500e+02
1.148674438476562500e+03
1.501784057617187500e+03
1.662403320312500000e+03
1.615805541992187500e+03
1.550166137695312500e+03
1.324473754882812500e+03
1.062781616210937500e+03
1.037128295898437500e+03
1.057109375000000000e+03
1.160708251953125000e+03
1.080469726562500000e+03
1.034813720703125000e+03
1.187981445312500000e+03
1.575507080078125000e+03
1.607610839843750000e+03
1.605169433593750000e+03
1.594493896484375000e+03
1.389058227539062500e+03
1.115876831054687500e+03
1.019780456542968750e+03
1.029871826171875000e+03
1.033336547851562500e+03
1.056426269531250000e+03
1.040304809570312500e+03
1.121799072265625000e+03
1.472704833984375000e+03
1.614723022460937500e+03
1.590583496093750000e+03
1.622200073242187500e+03
1.355768798828125000e+03
1.128231079101562500e+03
1.010362060546875000e+03
1.051573730468750000e+03
1.048089477539062500e+03
1.032676757812500000e+03
1.018583068847656250e+03
1.134462036132812500e+03
1.443219482421875000e+03
1.599716918945312500e+03
1.579521606445312500e+03
1.460341674804687500e+03
1.295885009765625000e+03
1.071822875976562500e+03
1.008932250976562500e+03
1.011403625488281250e+03
9.975903930664062500e+02
9.874808349609375000e+02
9.843463745117187500e+02
9.837108154296875000e+02
9.088752441406250000e+02
9.183433837890625000e+02
9.200333251953125000e+02
9.250629272460937500e+02
9.327780151367187500e+02
9.315306396484375000e+02
9.286677856445312500e+02
9.278809204101562500e+02
9.271124267578125000e+02
9.311315307617187500e+02
9.288236694335937500e+02
9.200167846679687500e+02
9.066420288085937500e+02
9.191986083984375000e+02
9.239963378906250000e+02
9.228922119140625000e+02
9.253755493164062500e+02
9.275142822265625000e+02
9.270968627929687500e+02
9.284155273437500000e+02
9.438668823242187500e+02
9.565636596679687500e+02
9.897753906250000000e+02
1.047231689453125000e+03
1.479431396484375000e+03
1.580691162109375000e+03
1.548191528320312500e+03
1.502286376953125000e+03
1.285278564453125000e+03
1.077665039062500000e+03
1.021651672363281250e+03
1.034654052734375000e+03
1.041815551757812500e+03
1.043294311523437500e+03
1.042561767578125000e+03
1.168544921875000000e+03
1.525630981445312500e+03
1.678215454101562500e+03
1.617797729492187500e+03
1.531836547851562500e+03
1.344129150390625000e+03
1.100856201171875000e+03
1.004181335449218750e+03
1.029576660156250000e+03
1.035222656250000000e+03
1.028179687500000000e+03
1.003621643066406250e+03
1.104504394531250000e+03
1.402036254882812500e+03
1.567734130859375000e+03
1.545755737304687500e+03
1.503319458007812500e+03
1.317731201171875000e+03
1.088842163085937500e+03
1.010449035644531250e+03
1.044881347656250000e+03
1.019916137695312500e+03
1.020760681152343750e+03
1.006409423828125000e+03
1.114937744140625000e+03
1.467532470703125000e+03
1.594814819335937500e+03
1.570583129882812500e+03
1.508634277343750000e+03
1.302781982421875000e+03
1.079249511718750000e+03
1.002718078613281250e+03
1.032635620117187500e+03
9.881817016601562500e+02
9.961676635742187500e+02
9.893823852539062500e+02
1.078095458984375000e+03
1.399415283203125000e+03
1.537035522460937500e+03
1.552520507812500000e+03
1.477153442382812500e+03
1.266534179687500000e+03
1.046785278320312500e+03
1.020565429687500000e+03
1.037121337890625000e+03
1.017086059570312500e+03
9.993137207031250000e+02
9.945690307617187500e+02
1.114026611328125000e+03
9.332268066406250000e+02
9.598424682617187500e+02
9.478236694335937500e+02
9.481864624023437500e+02
9.452144165039062500e+02
9.454718017578125000e+02
9.432966308593750000e+02
9.380407714843750000e+02
9.381814575195312500e+02
9.396642456054687500e+02
9.337719116210937500e+02
9.257290039062500000e+02
9.184481201171875000e+02
9.191410522460937500e+02
9.226498413085937500e+02
9.332044677734375000e+02
9.471752929687500000e+02
9.554439086914062500e+02
9.577493896484375000e+02
9.646087646484375000e+02
9.700063476562500000e+02
9.710557250976562500e+02
9.723342895507812500e+02
9.854757690429687500e+02
1.475347167968750000e+03
1.610812255859375000e+03
1.581899047851562500e+03
1.513392822265625000e+03
1.306227416992187500e+03
1.073404541015625000e+03
1.027708862304687500e+03
1.019120239257812500e+03
1.006482360839843750e+03
9.960606689453125000e+02
9.882930297851562500e+02
1.120791259765625000e+03
1.501015747070312500e+03
1.644078735351562500e+03
1.589177856445312500e+03
1.533560424804687500e+03
1.304058349609375000e+03
1.067970581054687500e+03
1.035896240234375000e+03
1.050012329101562500e+03
1.045953979492187500e+03
1.044369750976562500e+03
1.057674804687500000e+03
1.198682128906250000e+03
1.550293701171875000e+03
1.655804321289062500e+03
1.631208251953125000e+03
1.575981811523437500e+03
1.341586791992187500e+03
1.110193237304687500e+03
1.044744384765625000e+03
1.070007324218750000e+03
1.059700195312500000e+03
1.090322021484375000e+03
1.043858642578125000e+03
1.091771484375000000e+03
1.466972045898437500e+03
1.620215698242187500e+03
1.613724121093750000e+03
1.573343017578125000e+03
1.366347290039062500e+03
1.113635253906250000e+03
1.038643432617187500e+03
1.056270751953125000e+03
1.039415771484375000e+03
1.024727539062500000e+03
1.011978942871093750e+03
1.113696777343750000e+03
1.429565551757812500e+03
1.583202758789062500e+03
1.565473510742187500e+03
1.543326538085937500e+03
1.327467651367187500e+03
1.072774047851562500e+03
1.037547241210937500e+03
1.049568359375000000e+03
1.050231933593750000e+03
1.037267456054687500e+03
1.025192749023437500e+03
1.095759521484375000e+03
9.198543090820312500e+02
9.399929809570312500e+02
9.553560791015625000e+02
9.703471069335937500e+02
9.698737792968750000e+02
9.611041259765625000e+02
9.495453491210937500e+02
9.464046020507812500e+02
9.558917236328125000e+02
9.627542724609375000e+02
9.553829956054687500e+02
9.448486938476562500e+02
9.318444213867187500e+02
9.288481445312500000e+02
9.342221069335937500e+02
9.421992187500000000e+02
9.447222900390625000e+02
9.577113037109375000e+02
9.720338134765625000e+02
9.955289916992187500e+02
9.923765258789062500e+02
9.787882690429687500e+02
9.892172851562500000e+02
1.011117614746093750e+03
1.512240722656250000e+03
1.669669189453125000e+03
1.662117919921875000e+03
1.621702270507812500e+03
1.391745239257812500e+03
1.136153320312500000e+03
1.046246215820312500e+03
1.047797851562500000e+03
1.033976928710937500e+03
1.024669799804687500e+03
1.016267517089843750e+03
1.130451904296875000e+03
1.586737060546875000e+03
1.724235351562500000e+03
1.674835449218750000e+03
1.649431274414062500e+03
1.371855590820312500e+03
1.109628051757812500e+03
1.069003295898437500e+03
1.075998779296875000e+03
1.230501953125000000e+03
1.111130737304687500e+03
1.059973388671875000e+03
1.233710083007812500e+03
1.618512939453125000e+03
1.662641357421875000e+03
1.646720214843750000e+03
1.600680297851562500e+03
1.352827514648437500e+03
1.148345825195312500e+03
1.110802734375000000e+03
1.049713256835937500e+03
1.051000854492187500e+03
1.046689331054687500e+03
1.048724121093750000e+03
1.162535522460937500e+03
1.592780395507812500e+03
1.706046020507812500e+03
1.656366333007812500e+03
1.655887329101562500e+03
1.389512329101562500e+03
1.120174438476562500e+03
1.058437500000000000e+03
1.054226684570312500e+03
1.050543701171875000e+03
1.036631347656250000e+03
1.017348205566406250e+03
1.136553222656250000e+03
1.544121093750000000e+03
1.680838745117187500e+03
1.610948242187500000e+03
1.571217041015625000e+03
1.313899414062500000e+03
1.083698242187500000e+03
1.043735961914062500e+03
1.059260131835937500e+03
1.052907470703125000e+03
1.042134399414062500e+03
1.041260864257812500e+03
1.124280761718750000e+03
9.449857177734375000e+02
1.007069702148437500e+03
1.019437011718750000e+03
9.940759277343750000e+02
9.857380981445312500e+02
9.892835693359375000e+02
1.009369506835937500e+03
1.020635070800781250e+03
1.005280639648437500e+03
9.876945800781250000e+02
9.873019409179687500e+02
1.005162780761718750e+03
1.003613098144531250e+03
1.020859741210937500e+03
1.028120483398437500e+03
1.025902954101562500e+03
1.024331298828125000e+03
1.003719604492187500e+03
1.032492675781250000e+03
1.039234741210937500e+03
1.019729980468750000e+03
1.013080627441406250e+03
1.028083740234375000e+03
1.050832519531250000e+03
1.472042358398437500e+03
1.715061889648437500e+03
1.689672485351562500e+03
1.686994262695312500e+03
1.463653808593750000e+03
1.238153686523437500e+03
1.152638305664062500e+03
1.149953125000000000e+03
1.174725585937500000e+03
1.227409179687500000e+03
1.160706665039062500e+03
1.184041503906250000e+03
1.562549804687500000e+03
1.709955078125000000e+03
1.671261352539062500e+03
1.653353881835937500e+03
1.388435668945312500e+03
1.136291625976562500e+03
1.060130126953125000e+03
1.058233764648437500e+03
1.050748779296875000e+03
1.057345214843750000e+03
1.060545288085937500e+03
1.224739746093750000e+03
1.600743041992187500e+03
1.584354980468750000e+03
1.667681518554687500e+03
1.667767333984375000e+03
1.412481933593750000e+03
1.140870117187500000e+03
1.106298706054687500e+03
1.121169555664062500e+03
1.121194946289062500e+03
1.061172485351562500e+03
1.059575195312500000e+03
1.198620117187500000e+03
1.610810913085937500e+03
1.728786621093750000e+03
1.700011840820312500e+03
1.690707641601562500e+03
1.394633056640625000e+03
1.133031982421875000e+03
1.082458862304687500e+03
1.092821166992187500e+03
1.080693359375000000e+03
1.061097534179687500e+03
1.081204711914062500e+03
1.192696166992187500e+03
1.627705200195312500e+03
1.705359619140625000e+03
1.700918579101562500e+03
1.629231933593750000e+03
1.378870605468750000e+03
1.125390258789062500e+03
1.056418334960937500e+03
1.129743896484375000e+03
1.043321166992187500e+03
1.035678344726562500e+03
1.065026489257812500e+03
1.006474670410156250e+03
9.981770629882812500e+02
1.004616638183593750e+03
9.729951782226562500e+02
9.721373291015625000e+02
9.635520629882812500e+02
9.602746582031250000e+02
9.640148315429687500e+02
9.835957641601562500e+02
9.753108520507812500e+02
9.666813354492187500e+02
9.518589477539062500e+02
9.470312500000000000e+02
9.656613769531250000e+02
9.794350585937500000e+02
9.714562377929687500e+02
9.606082153320312500e+02
9.597252197265625000e+02
9.450372314453125000e+02
9.545858764648437500e+02
9.569479370117187500e+02
9.642990112304687500e+02
9.772611083984375000e+02
1.144319335937500000e+03
1.028083618164062500e+03
1.478493652343750000e+03
1.672274658203125000e+03
1.663636962890625000e+03
1.632589111328125000e+03
1.414508056640625000e+03
1.165672729492187500e+03
1.019495300292968750e+03
1.064340820312500000e+03
1.048297363281250000e+03
1.041866455078125000e+03
1.048370849609375000e+03
1.155861572265625000e+03
1.581907104492187500e+03
1.722218750000000000e+03
1.615814575195312500e+03
1.695003295898437500e+03
1.525991821289062500e+03
1.219416137695312500e+03
1.069807861328125000e+03
1.104856811523437500e+03
1.106853637695312500e+03
1.115462646484375000e+03
1.090788574218750000e+03
1.193738647460937500e+03
1.609114990234375000e+03
1.715946533203125000e+03
1.660891723632812500e+03
1.636770141601562500e+03
1.377772705078125000e+03
1.137347045898437500e+03
1.092629882812500000e+03
1.047032348632812500e+03
1.036291015625000000e+03
1.033974609375000000e+03
1.047537475585937500e+03
1.133541137695312500e+03
1.517943603515625000e+03
1.735470458984375000e+03
1.676753784179687500e+03
1.709922363281250000e+03
1.457256469726562500e+03
1.159729492187500000e+03
1.062903198242187500e+03
1.137771118164062500e+03
1.129314086914062500e+03
1.149741333007812500e+03
1.115213012695312500e+03
1.249931396484375000e+03
1.555883300781250000e+03
1.649122070312500000e+03
1.655801025390625000e+03
1.624992919921875000e+03
1.385345825195312500e+03
1.131066162109375000e+03
1.067967041015625000e+03
1.057015014648437500e+03
1.028742309570312500e+03
1.021540405273437500e+03
1.040874023437500000e+03
1.064437133789062500e+03
9.762298583984375000e+02
9.900769653320312500e+02
9.971371459960937500e+02
9.841817016601562500e+02
9.729343872070312500e+02
9.703598022460937500e+02
1.016676208496093750e+03
9.880182495117187500e+02
1.005557922363281250e+03
9.920737304687500000e+02
1.002390930175781250e+03
1.001243530273437500e+03
1.010062316894531250e+03
1.006939575195312500e+03
9.888635253906250000e+02
1.015970764160156250e+03
1.030181030273437500e+03
1.026595581054687500e+03
9.952402954101562500e+02
1.027574707031250000e+03
9.886915893554687500e+02
9.693777465820312500e+02
1.022977661132812500e+03
1.048360229492187500e+03
1.610308715820312500e+03
1.721835693359375000e+03
1.698359375000000000e+03
1.679562988281250000e+03
1.436338012695312500e+03
1.163004150390625000e+03
1.042230468750000000e+03
1.010004882812500000e+03
9.949231567382812500e+02
9.828020019531250000e+02
9.941055908203125000e+02
1.142775634765625000e+03
1.613796508789062500e+03
1.723973999023437500e+03
1.670226806640625000e+03
1.644778198242187500e+03
1.378686645507812500e+03
1.082630859375000000e+03
1.094522338867187500e+03
1.139250732421875000e+03
1.136557250976562500e+03
1.101437255859375000e+03
1.072484619140625000e+03
1.217427368164062500e+03
1.578088867187500000e+03
1.716296264648437500e+03
1.688146118164062500e+03
1.692743286132812500e+03
1.384477050781250000e+03
1.143616210937500000e+03
1.081771240234375000e+03
1.097586547851562500e+03
1.135928344726562500e+03
1.101607055664062500e+03
1.088369750976562500e+03
1.246227050781250000e+03
1.493718139648437500e+03
1.693755737304687500e+03
1.678765502929687500e+03
1.667026489257812500e+03
1.503296386718750000e+03
1.144864501953125000e+03
1.033472045898437500e+03
1.047646728515625000e+03
1.050373901367187500e+03
1.016604431152343750e+03
1.016250000000000000e+03
1.184921264648437500e+03
1.676677001953125000e+03
1.718365356445312500e+03
1.664042480468750000e+03
1.593672607421875000e+03
1.368360229492187500e+03
1.096534912109375000e+03
1.033824951171875000e+03
1.034082397460937500e+03
1.029078979492187500e+03
1.035776367187500000e+03
1.026954467773437500e+03
1.101946899414062500e+03
9.515473022460937500e+02
1.028733154296875000e+03
1.002471740722656250e+03
9.912065429687500000e+02
9.939014282226562500e+02
1.000164855957031250e+03
9.818852539062500000e+02
9.870126342773437500e+02
9.693021850585937500e+02
9.491472778320312500e+02
9.387093505859375000e+02
9.249618530273437500e+02
9.184210815429687500e+02
9.209284057617187500e+02
9.238562622070312500e+02
9.264122314453125000e+02
9.206720581054687500e+02
9.183561401367187500e+02
9.199891967773437500e+02
9.325183715820312500e+02
9.547666625976562500e+02
9.383383178710937500e+02
9.433692016601562500e+02
9.496203613281250000e+02
1.403871337890625000e+03
1.557151123046875000e+03
1.582748657226562500e+03
1.601846313476562500e+03
1.449492675781250000e+03
1.129827636718750000e+03
1.031560058593750000e+03
1.055776489257812500e+03
1.060213989257812500e+03
1.059382202148437500e+03
1.075859375000000000e+03
1.153138671875000000e+03
1.633625610351562500e+03
1.697657104492187500e+03
1.717326782226562500e+03
1.653261230468750000e+03
1.418799194335937500e+03
1.165575073242187500e+03
1.094577270507812500e+03
1.129867553710937500e+03
1.091266967773437500e+03
1.069785644531250000e+03
1.070617431640625000e+03
1.174179321289062500e+03
1.626691040039062500e+03
1.764506103515625000e+03
1.790775146484375000e+03
1.679936035156250000e+03
1.433547241210937500e+03
1.139049316406250000e+03
1.044639526367187500e+03
1.014478210449218750e+03
1.011728576660156250e+03
1.003028198242187500e+03
1.004489318847656250e+03
1.107560424804687500e+03
1.632009033203125000e+03
1.723799682617187500e+03
1.638165649414062500e+03
1.645971069335937500e+03
1.388340087890625000e+03
1.088981567382812500e+03
1.066460937500000000e+03
1.027965209960937500e+03
1.017705200195312500e+03
1.022593933105468750e+03
1.029403930664062500e+03
1.125279296875000000e+03
1.626462646484375000e+03
1.783621582031250000e+03
1.684168579101562500e+03
1.656344482421875000e+03
1.344342163085937500e+03
1.078841430664062500e+03
1.026749755859375000e+03
1.020287475585937500e+03
9.975155639648437500e+02
9.874399414062500000e+02
9.843207397460937500e+02
9.599746093750000000e+02
9.223969116210937500e+02
9.539916381835937500e+02
9.335944213867187500e+02
9.255681762695312500e+02
9.254782104492187500e+02
9.475861206054687500e+02
9.377417602539062500e+02
9.369576416015625000e+02
9.366122436523437500e+02
9.350621948242187500e+02
9.328140869140625000e+02
9.127940673828125000e+02
9.162875366210937500e+02
9.280111083984375000e+02
9.170151977539062500e+02
9.230300903320312500e+02
9.237387695312500000e+02
9.249250488281250000e+02
9.348138427734375000e+02
9.357615356445312500e+02
9.477874755859375000e+02
9.682868652343750000e+02
9.862770385742187500e+02
1.011263244628906250e+03
1.433188232421875000e+03
1.590864013671875000e+03
1.633328613281250000e+03
1.573095703125000000e+03
1.405766113281250000e+03
1.081121704101562500e+03
1.042655639648437500e+03
1.082408325195312500e+03
1.056030273437500000e+03
1.059304565429687500e+03
1.067560424804687500e+03
1.194435180664062500e+03
1.611750366210937500e+03
1.749050537109375000e+03
1.730491455078125000e+03
1.695023803710937500e+03
1.405196166992187500e+03
1.144468017578125000e+03
1.027714721679687500e+03
1.006945007324218750e+03
1.001506713867187500e+03
1.002322631835937500e+03
1.006639282226562500e+03
1.167383666992187500e+03
1.621315307617187500e+03
1.696345458984375000e+03
1.657467529296875000e+03
1.642131103515625000e+03
1.372933105468750000e+03
1.104293212890625000e+03
1.057056762695312500e+03
1.050151611328125000e+03
1.039175659179687500e+03
1.042301025390625000e+03
1.059469238281250000e+03
1.148431396484375000e+03
1.598818847656250000e+03
1.722766723632812500e+03
1.731534057617187500e+03
1.709530761718750000e+03
1.372922973632812500e+03
1.118493774414062500e+03
1.013081604003906250e+03
1.031862670898437500e+03
1.004473815917968750e+03
9.993386230468750000e+02
1.001666137695312500e+03
1.099863647460937500e+03
1.575591064453125000e+03
1.692737426757812500e+03
1.628125488281250000e+03
1.554845458984375000e+03
1.233903442382812500e+03
1.055808593750000000e+03
1.017166870117187500e+03
1.004038696289062500e+03
9.806242065429687500e+02
9.713372802734375000e+02
9.830132446289062500e+02
9.592348632812500000e+02
9.130715942382812500e+02
9.609160766601562500e+02
9.426777343750000000e+02
9.463975219726562500e+02
9.478212890625000000e+02
9.441324462890625000e+02
9.412653198242187500e+02
9.400257568359375000e+02
9.377234497070312500e+02
9.402786865234375000e+02
9.380588378906250000e+02
9.373656616210937500e+02
9.355260009765625000e+02
9.379021606445312500e+02
9.337217407226562500e+02
9.214610595703125000e+02
9.115255126953125000e+02
9.197584838867187500e+02
9.246907958984375000e+02
9.343002319335937500e+02
9.718043212890625000e+02
9.896852416992187500e+02
9.819828491210937500e+02
9.572144775390625000e+02
1.469205566406250000e+03
1.645915893554687500e+03
1.636253662109375000e+03
1.591924438476562500e+03
1.359682617187500000e+03
1.075667114257812500e+03
1.043405639648437500e+03
1.004327880859375000e+03
1.001301696777343750e+03
9.981106567382812500e+02
9.878345336914062500e+02
1.099756347656250000e+03
1.609040161132812500e+03
1.764421264648437500e+03
1.659982910156250000e+03
1.650684692382812500e+03
1.368989135742187500e+03
1.095014770507812500e+03
1.039876342773437500e+03
1.018752197265625000e+03
9.991563720703125000e+02
9.907768554687500000e+02
9.863824462890625000e+02
1.111986328125000000e+03
1.538773437500000000e+03
1.727503173828125000e+03
1.792893188476562500e+03
1.683635986328125000e+03
1.428134643554687500e+03
1.124082763671875000e+03
1.064988647460937500e+03
1.013496887207031250e+03
9.812797241210937500e+02
1.030776489257812500e+03
1.027776245117187500e+03
1.169035034179687500e+03
1.616244506835937500e+03
1.704303588867187500e+03
1.763505981445312500e+03
1.721175659179687500e+03
1.386840576171875000e+03
1.108904418945312500e+03
9.913715820312500000e+02
1.014992980957031250e+03
1.005457824707031250e+03
9.986229858398437500e+02
9.952304687500000000e+02
1.113745971679687500e+03
1.574625000000000000e+03
1.759609008789062500e+03
1.653139282226562500e+03
1.652161376953125000e+03
1.341983642578125000e+03
1.032736572265625000e+03
1.018423950195312500e+03
9.735324096679687500e+02
9.207873535156250000e+02
9.060523071289062500e+02
9.408063964843750000e+02
9.600156250000000000e+02
9.252184448242187500e+02
9.496455078125000000e+02
9.330865478515625000e+02
9.204511108398437500e+02
9.322562255859375000e+02
9.363369140625000000e+02
9.428671875000000000e+02
9.382818603515625000e+02
9.411116943359375000e+02
9.388013916015625000e+02
9.402030029296875000e+02
9.347937622070312500e+02
9.362456665039062500e+02
9.426234741210937500e+02
9.379805297851562500e+02
9.431755981445312500e+02
9.674577026367187500e+02
9.522613525390625000e+02
9.470565185546875000e+02
9.275565185546875000e+02
9.096632690429687500e+02
9.186780395507812500e+02
9.375334472656250000e+02
9.439407348632812500e+02
1.423910644531250000e+03
1.618884643554687500e+03
1.673539306640625000e+03
1.612816284179687500e+03
1.384499877929687500e+03
1.069831787109375000e+03
9.857539062500000000e+02
9.770170898437500000e+02
9.759256591796875000e+02
9.721251831054687500e+02
9.695916137695312500e+02
1.144923950195312500e+03
1.555659423828125000e+03
1.699980957031250000e+03
1.667935913085937500e+03
1.617154907226562500e+03
1.385322387695312500e+03
1.098297241210937500e+03
1.047427001953125000e+03
1.039945800781250000e+03
9.930878295898437500e+02
9.967659912109375000e+02
9.888524169921875000e+02
1.114657958984375000e+03
1.607196655273437500e+03
1.747642822265625000e+03
1.699691040039062500e+03
1.642272094726562500e+03
1.362777587890625000e+03
1.102977416992187500e+03
1.030090698242187500e+03
1.004005065917968750e+03
9.990795898437500000e+02
9.974147949218750000e+02
9.912638549804687500e+02
1.132610961914062500e+03
1.591422973632812500e+03
1.704053100585937500e+03
1.748050048828125000e+03
1.645883789062500000e+03
1.353608886718750000e+03
1.093593872070312500e+03
1.046678344726562500e+03
1.023920166015625000e+03
1.011652465820312500e+03
1.011090332031250000e+03
1.003507568359375000e+03
1.171975463867187500e+03
1.585813964843750000e+03
1.662106811523437500e+03
1.615583496093750000e+03
1.558487548828125000e+03
1.345090820312500000e+03
1.068245605468750000e+03
1.015271301269531250e+03
9.640700073242187500e+02
9.283131103515625000e+02
8.985180664062500000e+02
9.244727783203125000e+02
9.544639892578125000e+02
9.325611572265625000e+02
9.332130126953125000e+02
9.160289916992187500e+02
9.090505981445312500e+02
9.227349243164062500e+02
9.207653198242187500e+02
9.324975585937500000e+02
9.396834106445312500e+02
9.312839965820312500e+02
9.290927734375000000e+02
9.352577514648437500e+02
9.343609008789062500e+02
9.284297485351562500e+02
9.434171752929687500e+02
9.639067993164062500e+02
9.446291503906250000e+02
9.402725830078125000e+02
9.415788574218750000e+02
9.456253051757812500e+02
9.737192382812500000e+02
9.751350708007812500e+02
9.611864624023437500e+02
9.583488159179687500e+02
9.575134277343750000e+02
1.441301513671875000e+03
1.551534790039062500e+03
1.581311523437500000e+03
1.559954345703125000e+03
1.346510375976562500e+03
1.072420166015625000e+03
1.028621582031250000e+03
1.023728576660156250e+03
1.011316650390625000e+03
1.012031799316406250e+03
1.042380004882812500e+03
1.198829956054687500e+03
1.567961914062500000e+03
1.787661132812500000e+03
1.729150268554687500e+03
1.689070800781250000e+03
1.395252075195312500e+03
1.134608154296875000e+03
1.078475708007812500e+03
1.038663330078125000e+03
1.031342285156250000e+03
1.016885253906250000e+03
1.030967651367187500e+03
1.199271850585937500e+03
1.621748779296875000e+03
1.684179199218750000e+03
1.705964721679687500e+03
1.652062744140625000e+03
1.410588256835937500e+03
1.157828369140625000e+03
1.070433349609375000e+03
1.046997802734375000e+03
1.043546142578125000e+03
1.039942138671875000e+03
1.016113159179687500e+03
1.158810913085937500e+03
1.627593261718750000e+03
1.766503662109375000e+03
1.748764282226562500e+03
1.719723022460937500e+03
1.403922973632812500e+03
1.103228027343750000e+03
9.701602783203125000e+02
8.876798095703125000e+02
8.745486450195312500e+02
8.709351196289062500e+02
8.869995117187500000e+02
1.074662597656250000e+03
1.523292724609375000e+03
1.649077148437500000e+03
1.596356445312500000e+03
1.553511840820312500e+03
1.306517944335937500e+03
1.052785644531250000e+03
9.751604003906250000e+02
9.322421875000000000e+02
8.539050903320312500e+02
8.192860717773437500e+02
7.821329345703125000e+02
8.201962890625000000e+02
7.563212890625000000e+02
7.576323242187500000e+02
7.541332397460937500e+02
7.816945800781250000e+02
7.828631591796875000e+02
8.999776611328125000e+02
9.468279418945312500e+02
9.273868408203125000e+02
9.052111206054687500e+02
9.008188476562500000e+02
9.312749633789062500e+02
9.182046508789062500e+02
8.806652221679687500e+02
9.068218994140625000e+02
9.287773437500000000e+02
9.133189697265625000e+02
9.038365478515625000e+02
9.534732055664062500e+02
9.421616821289062500e+02
9.232873535156250000e+02
9.209423828125000000e+02
9.037321166992187500e+02
9.479734497070312500e+02
9.429296264648437500e+02
1.495684570312500000e+03
1.596864257812500000e+03
1.603738769531250000e+03
1.591450683593750000e+03
1.374857543945312500e+03
1.124823852539062500e+03
1.076997070312500000e+03
1.044560424804687500e+03
1.074568359375000000e+03
1.078541381835937500e+03
1.066396972656250000e+03
1.201140014648437500e+03
1.599139038085937500e+03
1.752156982421875000e+03
1.708446655273437500e+03
1.694209960937500000e+03
1.408234252929687500e+03
1.153132568359375000e+03
1.088364868164062500e+03
1.100663208007812500e+03
1.069134399414062500e+03
1.118322387695312500e+03
1.117331909179687500e+03
1.250880737304687500e+03
1.596855957031250000e+03
1.718142089843750000e+03
1.662017822265625000e+03
1.547695922851562500e+03
1.364260864257812500e+03
1.174594482421875000e+03
1.136654418945312500e+03
1.119305175781250000e+03
1.076516235351562500e+03
1.070360473632812500e+03
1.084801025390625000e+03
1.208961669921875000e+03
1.618235229492187500e+03
1.780401000976562500e+03
1.663151733398437500e+03
1.666030883789062500e+03
1.478271240234375000e+03
1.174336791992187500e+03
1.109174560546875000e+03
1.079973388671875000e+03
1.035124755859375000e+03
1.036976684570312500e+03
1.050752685546875000e+03
1.174179199218750000e+03
1.664389038085937500e+03
1.758525878906250000e+03
1.666946533203125000e+03
1.641552856445312500e+03
1.377780883789062500e+03
1.136830322265625000e+03
1.102025756835937500e+03
1.044110229492187500e+03
1.039498901367187500e+03
1.033793701171875000e+03
1.019670104980468750e+03
1.017333068847656250e+03
1.029803466796875000e+03
1.038127197265625000e+03
1.032995605468750000e+03
9.964864501953125000e+02
9.659677124023437500e+02
9.690243530273437500e+02
9.651289062500000000e+02
9.684174194335937500e+02
9.712134399414062500e+02
9.657752685546875000e+02
9.629528198242187500e+02
9.594694213867187500e+02
9.511619262695312500e+02
9.390258178710937500e+02
9.375995483398437500e+02
9.479311523437500000e+02
9.682255859375000000e+02
9.639253540039062500e+02
9.612460327148437500e+02
9.532702026367187500e+02
9.526984252929687500e+02
9.391348266601562500e+02
9.466370849609375000e+02
1.000562133789062500e+03
1.518828613281250000e+03
1.696548706054687500e+03
1.706778564453125000e+03
1.675285522460937500e+03
1.406736083984375000e+03
1.147398925781250000e+03
1.071195190429687500e+03
1.055577148437500000e+03
1.047075561523437500e+03
1.049227050781250000e+03
1.039078857421875000e+03
1.186244262695312500e+03
1.624987182617187500e+03
1.732400268554687500e+03
1.720825195312500000e+03
1.683877441406250000e+03
1.375776000976562500e+03
1.131137207031250000e+03
1.078924316406250000e+03
1.047844726562500000e+03
1.025734863281250000e+03
1.023307373046875000e+03
1.013525512695312500e+03
1.125393554687500000e+03
1.625625854492187500e+03
1.745879638671875000e+03
1.671335937500000000e+03
1.675589599609375000e+03
1.371608520507812500e+03
1.103709228515625000e+03
1.033011352539062500e+03
1.010649108886718750e+03
9.922813720703125000e+02
9.949660034179687500e+02
1.001987548828125000e+03
1.157666503906250000e+03
1.600814575195312500e+03
1.755246093750000000e+03
1.704646240234375000e+03
1.675833129882812500e+03
1.388082519531250000e+03
1.107154785156250000e+03
1.017849975585937500e+03
9.616216430664062500e+02
9.505252075195312500e+02
9.526794433593750000e+02
9.637661743164062500e+02
1.075979614257812500e+03
1.539939208984375000e+03
1.624771240234375000e+03
1.690167968750000000e+03
1.570932128906250000e+03
1.325821533203125000e+03
1.028901611328125000e+03
1.003985046386718750e+03
9.688309936523437500e+02
9.549052734375000000e+02
9.654766845703125000e+02
9.610835571289062500e+02
1.003037109375000000e+03
9.189365234375000000e+02
9.292510375976562500e+02
9.285610961914062500e+02
9.212478027343750000e+02
9.411987915039062500e+02
9.508927001953125000e+02
9.445896606445312500e+02
9.374156494140625000e+02
9.328203125000000000e+02
9.276604614257812500e+02
9.278966064453125000e+02
9.204113769531250000e+02
9.065510253906250000e+02
8.900421752929687500e+02
9.100027465820312500e+02
8.991176757812500000e+02
9.100101928710937500e+02
9.088855590820312500e+02
9.247391967773437500e+02
9.312297973632812500e+02
9.282229614257812500e+02
9.512189331054687500e+02
9.786244506835937500e+02
9.906731567382812500e+02
1.434372680664062500e+03
1.625397460937500000e+03
1.731085083007812500e+03
1.639334472656250000e+03
1.384437133789062500e+03
1.082400756835937500e+03
9.762793579101562500e+02
9.551082153320312500e+02
9.765466918945312500e+02
9.850114746093750000e+02
9.806526489257812500e+02
1.125488403320312500e+03
1.600190795898437500e+03
1.794271118164062500e+03
1.706668457031250000e+03
1.657032714843750000e+03
1.412841918945312500e+03
1.121813354492187500e+03
1.041088500976562500e+03
9.929320678710937500e+02
9.853032226562500000e+02
9.852945556640625000e+02
9.790463256835937500e+02
1.065931030273437500e+03
1.629575073242187500e+03
1.757032592773437500e+03
1.719670654296875000e+03
1.642851562500000000e+03
1.361666992187500000e+03
1.092225219726562500e+03
1.076908447265625000e+03
1.037303466796875000e+03
1.013726806640625000e+03
1.005429443359375000e+03
9.976970214843750000e+02
1.095828125000000000e+03
1.643065063476562500e+03
1.764535888671875000e+03
1.726956665039062500e+03
1.687315917968750000e+03
1.371081665039062500e+03
1.077248291015625000e+03
1.037585571289062500e+03
9.771698608398437500e+02
9.541025390625000000e+02
9.206427612304687500e+02
9.330521240234375000e+02
1.044226562500000000e+03
1.549413085937500000e+03
1.705264038085937500e+03
1.658304321289062500e+03
1.562125854492187500e+03
1.324242919921875000e+03
1.063130859375000000e+03
1.075723388671875000e+03
1.072903930664062500e+03
1.055457641601562500e+03
1.038611572265625000e+03
1.053633056640625000e+03
1.011569091796875000e+03
9.967709350585937500e+02
9.966618041992187500e+02
9.858357543945312500e+02
9.776986694335937500e+02
9.727100219726562500e+02
9.700669555664062500e+02
9.813220214843750000e+02
9.832891845703125000e+02
9.681815185546875000e+02
9.564299926757812500e+02
9.497437744140625000e+02
9.480140380859375000e+02
9.617827148437500000e+02
9.588562011718750000e+02
9.511893920898437500e+02
9.423448486328125000e+02
9.357062988281250000e+02
9.441461791992187500e+02
9.494199829101562500e+02
9.769664916992187500e+02
9.842709350585937500e+02
1.009668151855468750e+03
9.862056274414062500e+02
1.025775268554687500e+03
1.582593994140625000e+03
1.702268066406250000e+03
1.754366333007812500e+03
1.699456420898437500e+03
1.421220825195312500e+03
1.168264892578125000e+03
1.091475219726562500e+03
1.034555908203125000e+03
1.019047058105468750e+03
1.019279846191406250e+03
1.028666625976562500e+03
1.192462402343750000e+03
1.634021728515625000e+03
1.718889892578125000e+03
1.714481445312500000e+03
1.666091308593750000e+03
1.421072631835937500e+03
1.149638061523437500e+03
1.090158691406250000e+03
1.034419311523437500e+03
1.026905029296875000e+03
1.004916076660156250e+03
1.006220153808593750e+03
1.154084960937500000e+03
1.641715332031250000e+03
1.759946777343750000e+03
1.768938842773437500e+03
1.686160522460937500e+03
1.416235351562500000e+03
1.140207397460937500e+03
1.093981567382812500e+03
1.070970947265625000e+03
1.062477539062500000e+03
1.067286132812500000e+03
1.073342651367187500e+03
1.227939575195312500e+03
1.670101806640625000e+03
1.782604370117187500e+03
1.805872924804687500e+03
1.781595825195312500e+03
1.433691650390625000e+03
1.163038696289062500e+03
1.056359375000000000e+03
1.036737915039062500e+03
1.016011169433593750e+03
9.983397827148437500e+02
9.885870971679687500e+02
1.113969970703125000e+03
1.665597045898437500e+03
1.770068847656250000e+03
1.719218139648437500e+03
1.658900756835937500e+03
1.399080566406250000e+03
1.106401367187500000e+03
1.037811279296875000e+03
9.836859130859375000e+02
9.843500976562500000e+02
9.825261230468750000e+02
9.796198120117187500e+02
1.027985717773437500e+03
9.700205078125000000e+02
9.604685058593750000e+02
9.636892089843750000e+02
9.575308837890625000e+02
9.549562988281250000e+02
9.446989135742187500e+02
9.442966918945312500e+02
9.443428955078125000e+02
9.503319091796875000e+02
9.515201416015625000e+02
9.508958740234375000e+02
9.427799682617187500e+02
9.374321899414062500e+02
9.342437133789062500e+02
9.390373535156250000e+02
9.403012695312500000e+02
9.531788940429687500e+02
9.745341186523437500e+02
9.729628295898437500e+02
9.763883056640625000e+02
9.897083740234375000e+02
9.662579345703125000e+02
9.884850463867187500e+02
1.072402099609375000e+03
1.617141235351562500e+03
1.734223510742187500e+03
1.759969360351562500e+03
1.759534912109375000e+03
1.467672973632812500e+03
1.177510375976562500e+03
1.080304321289062500e+03
1.063071533203125000e+03
1.067504272460937500e+03
1.047045776367187500e+03
1.080279541015625000e+03
1.174252807617187500e+03
1.650545898437500000e+03
1.712185058593750000e+03
1.757463745117187500e+03
1.713969238281250000e+03
1.428025634765625000e+03
1.178786621093750000e+03
1.059797851562500000e+03
1.026599365234375000e+03
1.013865478515625000e+03
1.009984802246093750e+03
1.004802612304687500e+03
1.136538330078125000e+03
1.575231079101562500e+03
1.743464355468750000e+03
1.642558959960937500e+03
1.616108154296875000e+03
1.358382934570312500e+03
1.093055297851562500e+03
1.032436523437500000e+03
9.615729980468750000e+02
9.034535522460937500e+02
8.652241210937500000e+02
8.446651611328125000e+02
9.601306152343750000e+02
1.476257202148437500e+03
1.669659179687500000e+03
1.700547119140625000e+03
1.638332641601562500e+03
1.269227539062500000e+03
1.033628906250000000e+03
9.850149536132812500e+02
9.706912841796875000e+02
9.490587158203125000e+02
9.319234008789062500e+02
9.681146850585937500e+02
1.121171997070312500e+03
1.550108886718750000e+03
1.709388549804687500e+03
1.674197265625000000e+03
1.625014160156250000e+03
1.371870361328125000e+03
1.098724121093750000e+03
1.040463623046875000e+03
1.033950683593750000e+03
1.020906005859375000e+03
1.024166870117187500e+03
1.039389404296875000e+03
1.146537719726562500e+03
9.930307617187500000e+02
1.023862854003906250e+03
1.010351013183593750e+03
9.856913452148437500e+02
9.928234863281250000e+02
9.842946777343750000e+02
9.756026611328125000e+02
9.672086181640625000e+02
9.768407592773437500e+02
9.725357055664062500e+02
9.645473022460937500e+02
9.533450927734375000e+02
9.450350952148437500e+02
9.466353759765625000e+02
9.500201416015625000e+02
9.548410644531250000e+02
9.711073608398437500e+02
9.570642700195312500e+02
9.598665161132812500e+02
9.612772827148437500e+02
9.735119018554687500e+02
9.809476928710937500e+02
1.007692077636718750e+03
1.052162353515625000e+03
1.626390991210937500e+03
1.724807739257812500e+03
1.700731323242187500e+03
1.640573364257812500e+03
1.435265136718750000e+03
1.162025024414062500e+03
1.070590820312500000e+03
1.087593627929687500e+03
1.081433715820312500e+03
1.067350952148437500e+03
1.065747558593750000e+03
1.216918334960937500e+03
1.634518554687500000e+03
1.772962158203125000e+03
1.769032836914062500e+03
1.660486938476562500e+03
1.436174438476562500e+03
1.156697021484375000e+03
1.075019165039062500e+03
1.077326049804687500e+03
1.041371337890625000e+03
1.038131958007812500e+03
1.026799438476562500e+03
1.143858398437500000e+03
1.661542480468750000e+03
1.790209472656250000e+03
1.741680053710937500e+03
1.679168579101562500e+03
1.436699584960937500e+03
1.155697875976562500e+03
1.095709106445312500e+03
1.105014770507812500e+03
1.070308837890625000e+03
1.063075439453125000e+03
1.076654907226562500e+03
1.211940063476562500e+03
1.670907226562500000e+03
1.795310058593750000e+03
1.741286865234375000e+03
1.725665039062500000e+03
1.403572753906250000e+03
1.149807373046875000e+03
1.052848144531250000e+03
1.058111816406250000e+03
1.029336669921875000e+03
1.033876464843750000e+03
1.019622863769531250e+03
1.155632446289062500e+03
1.650480590820312500e+03
1.761644653320312500e+03
1.767008056640625000e+03
1.694243652343750000e+03
1.383608276367187500e+03
1.089839111328125000e+03
9.888578491210937500e+02
9.746011352539062500e+02
1.004248901367187500e+03
9.940403442382812500e+02
9.883585815429687500e+02
9.803244628906250000e+02
9.795532226562500000e+02
1.017652343750000000e+03
9.815459594726562500e+02
1.008350891113281250e+03
9.626458740234375000e+02
9.586053466796875000e+02
9.662326049804687500e+02
9.612694091796875000e+02
9.579038085937500000e+02
9.524531860351562500e+02
9.405472412109375000e+02
9.435847778320312500e+02
9.223699340820312500e+02
9.396454467773437500e+02
9.445344238281250000e+02
9.676854248046875000e+02
9.436732177734375000e+02
9.544058837890625000e+02
9.747363281250000000e+02
9.714495849609375000e+02
9.549783325195312500e+02
9.446543579101562500e+02
9.513041992187500000e+02
1.014295776367187500e+03
1.581611572265625000e+03
1.706936645507812500e+03
1.818209350585937500e+03
1.752264160156250000e+03
1.423666137695312500e+03
1.162416503906250000e+03
1.008821044921875000e+03
9.920133666992187500e+02
9.751576538085937500e+02
9.625993652343750000e+02
9.599130249023437500e+02
1.060568481445312500e+03
1.653442138671875000e+03
1.777118408203125000e+03
1.731377929687500000e+03
1.684666137695312500e+03
1.406556396484375000e+03
1.123936279296875000e+03
1.046377563476562500e+03
1.014269165039062500e+03
9.974712524414062500e+02
9.953883666992187500e+02
9.845911865234375000e+02
1.132875122070312500e+03
1.470115966796875000e+03
1.709188476562500000e+03
1.742076538085937500e+03
1.684203857421875000e+03
1.445027221679687500e+03
1.099989501953125000e+03
1.014360412597656250e+03
1.001373596191406250e+03
1.031940673828125000e+03
1.012608093261718750e+03
1.031540161132812500e+03
1.206930297851562500e+03
1.617306640625000000e+03
1.703756225585937500e+03
1.782599853515625000e+03
1.725112060546875000e+03
1.410391479492187500e+03
1.165490600585937500e+03
1.078596557617187500e+03
1.055913452148437500e+03
1.019269531250000000e+03
1.000610412597656250e+03
1.000079345703125000e+03
1.121777954101562500e+03
1.632704101562500000e+03
1.699309326171875000e+03
1.732057250976562500e+03
1.649282470703125000e+03
1.410922851562500000e+03
1.131287719726562500e+03
1.023733154296875000e+03
9.857717285156250000e+02
1.009528991699218750e+03
9.992470703125000000e+02
9.835505981445312500e+02
1.025336669921875000e+03
9.703239135742187500e+02
9.776598510742187500e+02
9.766712036132812500e+02
9.507831420898437500e+02
9.587658081054687500e+02
9.535354003906250000e+02
9.530068359375000000e+02
9.532824707031250000e+02
9.552958984375000000e+02
9.528590698242187500e+02
9.467094116210937500e+02
9.388208618164062500e+02
9.463376464843750000e+02
9.552755126953125000e+02
9.593851928710937500e+02
9.449398193359375000e+02
9.445916748046875000e+02
9.556348876953125000e+02
9.721002197265625000e+02
9.865986328125000000e+02
9.920800170898437500e+02
9.819260864257812500e+02
1.010209167480468750e+03
1.065722534179687500e+03
1.606832275390625000e+03
1.740725463867187500e+03
1.806729614257812500e+03
1.762623657226562500e+03
1.437645751953125000e+03
1.174001464843750000e+03
1.047248779296875000e+03
1.030499267578125000e+03
1.039164916992187500e+03
1.044847045898437500e+03
1.032205444335937500e+03
1.163006103515625000e+03
1.686294677734375000e+03
1.834790527343750000e+03
1.709193603515625000e+03
1.690915649414062500e+03
1.436246337890625000e+03
1.154492675781250000e+03
1.064868286132812500e+03
1.049614257812500000e+03
1.059705322265625000e+03
1.044425415039062500e+03
1.037604980468750000e+03
1.160711181640625000e+03
1.665600341796875000e+03
1.781784423828125000e+03
1.737603271484375000e+03
1.733298339843750000e+03
1.464276977539062500e+03
1.191636474609375000e+03
1.092443725585937500e+03
1.099893310546875000e+03
1.094941406250000000e+03
1.078260375976562500e+03
1.065269775390625000e+03
1.196363159179687500e+03
1.676297119140625000e+03
1.803570678710937500e+03
1.796297607421875000e+03
1.752167602539062500e+03
1.453118286132812500e+03
1.180089355468750000e+03
1.049566772460937500e+03
1.046959228515625000e+03
1.036001708984375000e+03
1.016820678710937500e+03
9.997369995117187500e+02
1.130257080078125000e+03
1.680608398437500000e+03
1.768330566406250000e+03
1.694601074218750000e+03
1.635920532226562500e+03
1.400348510742187500e+03
1.107063476562500000e+03
9.735178222656250000e+02
9.943736572265625000e+02
9.842619018554687500e+02
9.760449218750000000e+02
1.004010864257812500e+03
9.997455444335937500e+02
1.003391601562500000e+03
9.754991455078125000e+02
9.763275146484375000e+02
9.724060668945312500e+02
9.671370239257812500e+02
9.667471923828125000e+02
9.666306152343750000e+02
9.751372070312500000e+02
9.666547241210937500e+02
9.590049438476562500e+02
9.744955444335937500e+02
9.618660278320312500e+02
9.735073242187500000e+02
9.715410156250000000e+02
9.966420288085937500e+02
9.809668579101562500e+02
9.826085205078125000e+02
9.768078002929687500e+02
1.013924865722656250e+03
1.033095336914062500e+03
