1.143805682659149170e-01
9.516552835702896118e-02
7.116880267858505249e-02
3.904377296566963196e-02
2.834335155785083771e-02
2.680528722703456879e-02
2.374549210071563721e-02
2.335686050355434418e-02
2.252502366900444031e-02
2.177968993782997131e-02
2.169850468635559082e-02
2.157357148826122284e-02
2.112118713557720184e-02
2.081581763923168182e-02
1.983757689595222473e-02
2.001240476965904236e-02
1.858546584844589233e-02
1.845076866447925568e-02
1.831719465553760529e-02
1.838322356343269348e-02
1.734134554862976074e-02
1.678317412734031677e-02
1.653440669178962708e-02
1.621515862643718719e-02
1.533549185842275620e-02
1.497045625001192093e-02
1.480224914848804474e-02
1.387864444404840469e-02
1.350924279540777206e-02
1.338972337543964386e-02
1.309110317379236221e-02
1.228071469813585281e-02
1.162581238895654678e-02
1.179055031388998032e-02
1.147598121315240860e-02
1.169810071587562561e-02
1.053267717361450195e-02
1.081488654017448425e-02
1.055923290550708771e-02
1.058704312890768051e-02
1.002085581421852112e-02
9.470418095588684082e-03
9.648642502725124359e-03
9.359250776469707489e-03
9.498747065663337708e-03
9.578250348567962646e-03
9.259569458663463593e-03
9.295451454818248749e-03
8.438461460173130035e-03
8.456299081444740295e-03
7.918731309473514557e-03
7.888812571763992310e-03
8.101671002805233002e-03
7.876211777329444885e-03
7.852446287870407104e-03
7.451691199094057083e-03
7.448559626936912537e-03
7.582667283713817596e-03
7.499977946281433105e-03
7.382495328783988953e-03
7.051007356494665146e-03
6.720609962940216064e-03
6.962077226489782333e-03
7.150883786380290985e-03
6.730314809828996658e-03
7.489499635994434357e-03
7.829423062503337860e-03
7.159675005823373795e-03
6.686259526759386063e-03
7.254021242260932922e-03
6.903746630996465683e-03
7.140419445931911469e-03
7.059175521135330200e-03
6.768924649804830551e-03
6.316030398011207581e-03
6.673467811197042465e-03
6.727957166731357574e-03
6.669491529464721680e-03
6.447164341807365417e-03
6.750302854925394058e-03
7.590410299599170685e-03
5.882156081497669220e-03
6.272346712648868561e-03
6.578175351023674011e-03
7.672747597098350525e-03
5.914642009884119034e-03
7.285290397703647614e-03
6.493480876088142395e-03
6.170703098177909851e-03
6.067581940442323685e-03
6.658093072474002838e-03
5.553203634917736053e-03
6.029100157320499420e-03
6.226886529475450516e-03
5.324256606400012970e-03
6.580811459571123123e-03
5.575910210609436035e-03
5.890377797186374664e-03
5.813931114971637726e-03
6.228161510080099106e-03
5.386228673160076141e-03
5.265669431537389755e-03
5.544038489460945129e-03
5.524879787117242813e-03
5.741641856729984283e-03
5.352944601327180862e-03
4.986025393009185791e-03
4.855012521147727966e-03
5.175486207008361816e-03
5.204105284065008163e-03
6.286516785621643066e-03
5.206151399761438370e-03
5.379408597946166992e-03
5.402145907282829285e-03
5.059161223471164703e-03
4.819844849407672882e-03
4.819780588150024414e-03
5.284862592816352844e-03
5.075655411928892136e-03
4.771647509187459946e-03
4.864750429987907410e-03
4.882716573774814606e-03
4.373801872134208679e-03
4.629669245332479477e-03
5.401562899351119995e-03
4.945960361510515213e-03
5.770980846136808395e-03
5.580118857324123383e-03
5.423193331807851791e-03
4.977790638804435730e-03
4.875620827078819275e-03
4.571684170514345169e-03
4.787536337971687317e-03
5.015162751078605652e-03
4.682535305619239807e-03
5.220525898039340973e-03
4.900193307548761368e-03
4.093967843800783157e-03
4.814478568732738495e-03
4.612926859408617020e-03
4.824778065085411072e-03
4.616449121385812759e-03
4.382651299238204956e-03
4.983734339475631714e-03
5.145831964910030365e-03
5.355780012905597687e-03
4.203534219413995743e-03
5.379579029977321625e-03
5.433468148112297058e-03
4.310853313654661179e-03
4.595696460455656052e-03
4.524516873061656952e-03
4.976939409971237183e-03
4.937994293868541718e-03
4.381020087748765945e-03
5.210713017731904984e-03
5.142918322235345840e-03
5.653051659464836121e-03
4.458815790712833405e-03
4.677990451455116272e-03
4.382643382996320724e-03
4.344924818724393845e-03
4.649896640330553055e-03
4.302330315113067627e-03
4.074810538440942764e-03
4.874084144830703735e-03
4.049606621265411377e-03
4.321446642279624939e-03
4.547039512544870377e-03
4.656224977225065231e-03
4.751370288431644440e-03
4.411865025758743286e-03
4.860116168856620789e-03
4.623657092452049255e-03
4.363934043794870377e-03
4.777017980813980103e-03
4.006165079772472382e-03
4.869336728006601334e-03
4.111617803573608398e-03
5.136091727763414383e-03
4.523236770182847977e-03
4.178659990429878235e-03
4.397315904498100281e-03
4.210026934742927551e-03
4.547678399831056595e-03
4.170662723481655121e-03
4.915562458336353302e-03
4.236714448779821396e-03
4.230397753417491913e-03
3.955925814807415009e-03
3.885152982547879219e-03
4.475256893783807755e-03
3.951316699385643005e-03
3.568537067621946335e-03
4.157255869358778000e-03
4.214859101921319962e-03
6.737923249602317810e-03
4.256148822605609894e-03
4.505606833845376968e-03
3.694640006870031357e-03
4.277316387742757797e-03
4.587089642882347107e-03
3.960534464567899704e-03
3.845383645966649055e-03
4.226679448038339615e-03
3.923588432371616364e-03
3.572050482034683228e-03
4.063835833221673965e-03
3.867877414450049400e-03
3.389802295714616776e-03
3.784157335758209229e-03
4.280357621610164642e-03
3.964678384363651276e-03
3.677785862237215042e-03
3.643715288490056992e-03
3.581105731427669525e-03
3.596521914005279541e-03
4.044084809720516205e-03
4.307935014367103577e-03
4.330671392381191254e-03
4.391429945826530457e-03
4.513521678745746613e-03
3.752706805244088173e-03
3.713581478223204613e-03
3.447893774136900902e-03
3.886859863996505737e-03
4.142589867115020752e-03
3.629730548709630966e-03
3.704785834997892380e-03
4.234992899000644684e-03
4.146357998251914978e-03
3.974958788603544235e-03
3.492814023047685623e-03
3.711254103109240532e-03
3.510239534080028534e-03
3.957326989620923996e-03
3.771702060475945473e-03
3.388085402548313141e-03
3.533582203090190887e-03
4.089114721864461899e-03
3.544698469340801239e-03
3.625322366133332253e-03
3.577482886612415314e-03
4.623160697519779205e-03
3.988338168710470200e-03
3.422087058424949646e-03
3.913784865289926529e-03
3.817220218479633331e-03
3.344587283208966255e-03
3.706443123519420624e-03
3.735041478648781776e-03
3.602164564654231071e-03
3.342160722240805626e-03
3.609886160120368004e-03
3.984104376286268234e-03
3.381649265065789223e-03
3.342303214594721794e-03
4.048440605401992798e-03
3.657662076875567436e-03
4.184613004326820374e-03
3.216648939996957779e-03
3.498246660456061363e-03
3.392493352293968201e-03
3.384274430572986603e-03
3.294602734968066216e-03
3.914768341928720474e-03
3.398659871891140938e-03
3.636412788182497025e-03
3.251398913562297821e-03
3.272213041782379150e-03
4.133122041821479797e-03
3.356123343110084534e-03
3.546625375747680664e-03
3.388071665540337563e-03
3.036109963431954384e-03
3.173966659232974052e-03
3.149966942146420479e-03
3.503728657960891724e-03
3.489718073979020119e-03
3.474277677014470100e-03
3.428219817578792572e-03
3.199911676347255707e-03
3.831392619758844376e-03
3.191428026184439659e-03
3.162248758599162102e-03
3.224066691473126411e-03
3.202080028131604195e-03
3.881860058754682541e-03
3.378650173544883728e-03
3.228866495192050934e-03
3.595749847590923309e-03
3.220177721232175827e-03
3.688651137053966522e-03
3.381432499736547470e-03
3.233891213312745094e-03
3.173706121742725372e-03
3.479802515357732773e-03
3.319305367767810822e-03
3.851234214380383492e-03
3.300517331808805466e-03
3.392880549654364586e-03
3.295751521363854408e-03
3.429479897022247314e-03
3.698336426168680191e-03
3.189712995663285255e-03
3.100046655163168907e-03
3.500323509797453880e-03
3.371382597833871841e-03
3.105387557297945023e-03
3.146173199638724327e-03
4.068608861416578293e-03
3.380979644134640694e-03
3.220409387722611427e-03
3.602169919759035110e-03
3.366830758750438690e-03
4.075553268194198608e-03
3.386109136044979095e-03
3.280253615230321884e-03
3.217093646526336670e-03
2.977510914206504822e-03
3.560474608093500137e-03
3.074912820011377335e-03
3.230829723179340363e-03
3.789844457060098648e-03
3.108391771093010902e-03
3.140125190839171410e-03
3.489542054012417793e-03
3.325922880321741104e-03
3.824605606496334076e-03
3.208675188943743706e-03
3.365435171872377396e-03
3.539014607667922974e-03
3.223367501050233841e-03
3.258947283029556274e-03
3.770436160266399384e-03
3.216999815776944160e-03
3.112338017672300339e-03
3.280895296484231949e-03
3.269932465627789497e-03
3.191308351233601570e-03
3.358114045113325119e-03
2.834071405231952667e-03
3.556576091796159744e-03
2.917201491072773933e-03
3.220048733055591583e-03
3.261198056861758232e-03
3.048412967473268509e-03
3.177527338266372681e-03
3.431199351325631142e-03
3.405275056138634682e-03
3.110334044322371483e-03
3.373241052031517029e-03
3.329070052132010460e-03
3.562452970072627068e-03
2.818037290126085281e-03
3.023511264473199844e-03
3.156385850161314011e-03
3.405667841434478760e-03
3.145458176732063293e-03
2.948416164144873619e-03
3.598223673179745674e-03
3.104162169620394707e-03
3.251540707424283028e-03
3.020863980054855347e-03
3.138378262519836426e-03
2.928564324975013733e-03
3.014585003256797791e-03
3.367936937138438225e-03
2.936366247013211250e-03
2.992900088429450989e-03
3.065962344408035278e-03
2.891548210754990578e-03
3.227607579901814461e-03
3.198546823114156723e-03
3.166731912642717361e-03
3.261704696342349052e-03
3.085274482145905495e-03
3.030510153621435165e-03
3.127797739580273628e-03
4.159284755587577820e-03
2.958271885290741920e-03
3.554268740117549896e-03
3.207823028787970543e-03
3.563049482181668282e-03
2.787351142615079880e-03
3.128943499177694321e-03
3.156466409564018250e-03
2.923849970102310181e-03
2.937134820967912674e-03
3.248838242143392563e-03
3.447838360443711281e-03
3.054575296118855476e-03
3.068044548854231834e-03
3.457810962572693825e-03
3.331616753712296486e-03
3.030716907232999802e-03
2.880235668271780014e-03
3.344824770465493202e-03
2.795147709548473358e-03
3.099879715591669083e-03
3.137996885925531387e-03
2.833588514477014542e-03
3.245583735406398773e-03
3.173866774886846542e-03
2.996207680553197861e-03
3.299150383099913597e-03
2.784238895401358604e-03
3.059761598706245422e-03
3.229332854971289635e-03
3.422709880396723747e-03
2.649779664352536201e-03
2.801838330924510956e-03
3.079255810007452965e-03
3.006105311214923859e-03
3.063509706407785416e-03
2.813519677147269249e-03
2.942397492006421089e-03
2.915687626227736473e-03
2.856319071725010872e-03
3.044000826776027679e-03
3.135397564619779587e-03
2.849987475201487541e-03
3.252983558923006058e-03
3.251070622354745865e-03
3.331386949867010117e-03
3.117842599749565125e-03
2.835883758962154388e-03
2.807264914736151695e-03
3.347569378092885017e-03
2.963982755318284035e-03
3.227820619940757751e-03
3.233279800042510033e-03
3.346211975440382957e-03
3.291436005383729935e-03
3.087371122092008591e-03
2.966760890558362007e-03
2.836075611412525177e-03
3.121906891465187073e-03
2.981299767270684242e-03
2.856480423361063004e-03
3.539384109899401665e-03
3.297966439276933670e-03
2.904311753809452057e-03
3.309702500700950623e-03
2.960301935672760010e-03
3.068039892241358757e-03
2.963546430692076683e-03
3.014918649569153786e-03
2.716521499678492546e-03
3.076143097132444382e-03
2.893603872507810593e-03
3.563762642443180084e-03
2.887766109779477119e-03
2.944541629403829575e-03
2.865317277610301971e-03
2.962209051474928856e-03
3.006850369274616241e-03
2.721859142184257507e-03
3.200994804501533508e-03
2.966480329632759094e-03
2.963702892884612083e-03
2.803929615765810013e-03
2.962911268696188927e-03
3.772831521928310394e-03
3.277482464909553528e-03
2.760210074484348297e-03
2.972088288515806198e-03
2.860912587493658066e-03
2.732421271502971649e-03
3.694617887958884239e-03
3.180351341143250465e-03
3.082345938310027122e-03
2.749285893514752388e-03
2.768057631328701973e-03
2.795951673761010170e-03
2.971138572320342064e-03
2.870546421036124229e-03
2.824446419253945351e-03
3.134695580229163170e-03
3.052236977964639664e-03
3.047168720513582230e-03
3.214811207726597786e-03
2.877315273508429527e-03
3.049068851396441460e-03
2.824575407430529594e-03
3.256687428802251816e-03
2.940692473202943802e-03
2.963081933557987213e-03
3.048627637326717377e-03
2.963290316984057426e-03
3.314944449812173843e-03
3.554178401827812195e-03
2.790390979498624802e-03
3.307603765279054642e-03
2.933943178504705429e-03
3.227921202778816223e-03
2.894813893362879753e-03
3.202152671292424202e-03
2.761471318081021309e-03
3.076292574405670166e-03
2.828697441145777702e-03
3.091287333518266678e-03
2.774452324956655502e-03
2.964454935863614082e-03
3.024692879989743233e-03
2.863910049200057983e-03
2.803629729896783829e-03
3.416430670768022537e-03
2.602750435471534729e-03
3.293261397629976273e-03
2.945468528196215630e-03
3.495885059237480164e-03
2.767415717244148254e-03
2.952968236058950424e-03
2.752543892711400986e-03
2.930620452389121056e-03
3.042697673663496971e-03
2.950159367173910141e-03
2.901025349274277687e-03
3.041671821847558022e-03
3.301904769614338875e-03
2.954660449177026749e-03
2.677322598174214363e-03
2.860205247998237610e-03
2.670888788998126984e-03
2.805671654641628265e-03
2.777038840577006340e-03
2.795808482915163040e-03
2.867178525775671005e-03
2.565071918070316315e-03
3.311007283627986908e-03
2.672444097697734833e-03
2.846304327249526978e-03
3.276747651398181915e-03
2.852489473298192024e-03
3.505778731778264046e-03
2.895942889153957367e-03
3.608545288443565369e-03
2.772657433524727821e-03
3.119782079011201859e-03
3.018956864252686501e-03
3.187146503478288651e-03
3.176541766151785851e-03
3.630483755841851234e-03
3.043167758733034134e-03
3.239926649257540703e-03
2.803315874189138412e-03
3.313395194709300995e-03
2.607611706480383873e-03
3.238228149712085724e-03
2.862765919417142868e-03
2.776199020445346832e-03
2.756894798949360847e-03
3.388150129467248917e-03
2.654854906722903252e-03
3.043554024770855904e-03
3.139526816084980965e-03
2.854462713003158569e-03
2.682174788787961006e-03
2.846204442903399467e-03
2.870813943445682526e-03
2.708592452108860016e-03
2.691532019525766373e-03
2.564122201874852180e-03
2.949556801468133926e-03
2.604124601930379868e-03
2.744680503383278847e-03
2.821835456416010857e-03
2.788686892017722130e-03
2.946989377960562706e-03
2.825529780238866806e-03
2.636597957462072372e-03
3.153783967718482018e-03
2.702572848647832870e-03
3.141378983855247498e-03
2.666384447365999222e-03
2.615041332319378853e-03
3.008355852216482162e-03
3.043087664991617203e-03
2.898321487009525299e-03
2.775226254016160965e-03
2.809321973472833633e-03
2.622510772198438644e-03
2.740617142990231514e-03
2.865942427888512611e-03
2.659744583070278168e-03
3.099174937233328819e-03
2.806632081046700478e-03
2.736514434218406677e-03
2.540612826123833656e-03
2.754460321739315987e-03
3.023504279553890228e-03
2.555335639044642448e-03
2.741365926340222359e-03
2.626182977110147476e-03
2.759608440101146698e-03
2.662841696292161942e-03
2.925638109445571899e-03
2.983488142490386963e-03
2.776272362098097801e-03
2.768162870779633522e-03
3.166266251355409622e-03
2.868607174605131149e-03
2.911442890763282776e-03
2.755642402917146683e-03
2.757906448096036911e-03
2.621727529913187027e-03
2.797730732709169388e-03
3.039613366127014160e-03
2.601189073175191879e-03
2.636309247463941574e-03
3.047545906156301498e-03
3.037622431293129921e-03
2.773094223812222481e-03
3.083993447944521904e-03
2.751641673967242241e-03
2.864682581275701523e-03
3.356898669153451920e-03
2.657082630321383476e-03
2.915867371484637260e-03
3.219867823645472527e-03
2.805808559060096741e-03
2.746101934462785721e-03
3.226888598874211311e-03
2.985961502417922020e-03
2.647551009431481361e-03
2.912820084020495415e-03
3.412300720810890198e-03
2.576803322881460190e-03
3.303284524008631706e-03
2.835222985595464706e-03
2.876026788726449013e-03
3.135311417281627655e-03
2.582674846053123474e-03
2.877487102523446083e-03
2.800123766064643860e-03
3.085187170654535294e-03
2.780747134238481522e-03
3.113613463938236237e-03
2.701862249523401260e-03
2.738430397585034370e-03
3.116008592769503593e-03
2.529552206397056580e-03
2.818376757204532623e-03
2.725194906815886497e-03
2.994348760694265366e-03
2.879584208130836487e-03
2.790171187371015549e-03
2.544516697525978088e-03
2.903053537011146545e-03
3.094613552093505859e-03
3.004808677360415459e-03
3.238472854718565941e-03
2.700569340959191322e-03
2.732230350375175476e-03
3.057417459785938263e-03
2.738656010478734970e-03
2.761399373412132263e-03
2.639524871483445168e-03
2.681222977116703987e-03
2.941078273579478264e-03
3.195775207132101059e-03
2.983172191306948662e-03
2.572735073044896126e-03
2.896690275520086288e-03
2.632350428029894829e-03
2.384058665484189987e-03
2.595085650682449341e-03
2.511249389499425888e-03
3.026726190000772476e-03
2.650852315127849579e-03
2.745877020061016083e-03
2.767862286418676376e-03
2.901326632127165794e-03
3.233229042962193489e-03
2.479699905961751938e-03
2.912507858127355576e-03
2.752387197688221931e-03
2.674749121069908142e-03
2.707910025492310524e-03
5.474581848829984665e-03
3.347708843648433685e-03
3.417769214138388634e-03
3.228528890758752823e-03
3.137480933219194412e-03
3.129369346424937248e-03
3.051895881071686745e-03
2.989947330206632614e-03
2.939895493909716606e-03
3.331644926220178604e-03
2.968924818560481071e-03
2.798812231048941612e-03
3.226480446755886078e-03
3.055134788155555725e-03
3.247232642024755478e-03
2.751442603766918182e-03
3.074293723329901695e-03
2.686063759028911591e-03
2.856163308024406433e-03
3.244135528802871704e-03
3.265404840931296349e-03
3.018408548086881638e-03
2.814930630847811699e-03
2.888536546379327774e-03
2.668688073754310608e-03
2.824869006872177124e-03
3.498941194266080856e-03
3.567598061636090279e-03
3.129917662590742111e-03
2.885153051465749741e-03
3.014549147337675095e-03
2.780803944915533066e-03
3.112214850261807442e-03
3.211089875549077988e-03
3.271068911999464035e-03
2.559563377872109413e-03
3.444403642788529396e-03
2.807014156132936478e-03
2.837057691067457199e-03
2.694981871172785759e-03
2.673872280865907669e-03
2.749217906966805458e-03
2.893768250942230225e-03
2.821573987603187561e-03
2.432207576930522919e-03
2.921157516539096832e-03
2.921366598457098007e-03
2.891277661547064781e-03
2.714202040806412697e-03
2.638984937220811844e-03
2.899799030274152756e-03
2.873724559321999550e-03
2.732603810727596283e-03
3.061114111915230751e-03
2.625211142003536224e-03
2.819233573973178864e-03
2.781143877655267715e-03
2.865113783627748489e-03
2.967209322378039360e-03
2.786334138363599777e-03
2.896090270951390266e-03
2.747169230133295059e-03
2.603264292702078819e-03
2.985489787533879280e-03
2.693147864192724228e-03
2.708889078348875046e-03
2.919984981417655945e-03
2.703754231333732605e-03
3.004075260832905769e-03
2.835386432707309723e-03
3.544062608852982521e-03
2.852603327482938766e-03
3.113407175987958908e-03
2.745414152741432190e-03
2.874196041375398636e-03
3.000900382176041603e-03
2.771193627268075943e-03
2.959642792120575905e-03
2.739331219345331192e-03
3.058472648262977600e-03
2.922491868957877159e-03
2.764056669548153877e-03
2.550242235884070396e-03
2.875712700188159943e-03
2.921446925029158592e-03
2.819085493683815002e-03
2.636545337736606598e-03
2.763478085398674011e-03
2.865516347810626030e-03
2.774777822196483612e-03
2.788842190057039261e-03
2.702818019315600395e-03
2.680975245311856270e-03
2.848465926945209503e-03
2.945473650470376015e-03
2.533084247261285782e-03
3.089399076998233795e-03
2.657433738932013512e-03
2.668031491339206696e-03
3.276229603216052055e-03
2.728651743382215500e-03
3.012338187545537949e-03
2.898259554058313370e-03
2.847349271178245544e-03
2.686884487047791481e-03
2.584703965112566948e-03
2.972416114062070847e-03
2.565169706940650940e-03
3.088701050728559494e-03
2.812065649777650833e-03
2.633349737152457237e-03
2.629965776577591896e-03
2.723421202972531319e-03
2.914347453042864799e-03
2.562203910201787949e-03
2.830506768077611923e-03
2.923471387475728989e-03
2.562595531344413757e-03
3.350857412442564964e-03
2.861747052520513535e-03
3.117809770628809929e-03
2.986100269481539726e-03
2.618355676531791687e-03
2.551677636802196503e-03
2.833357546478509903e-03
2.858879975974559784e-03
2.750777173787355423e-03
3.153607016429305077e-03
2.706319326534867287e-03
3.060245420783758163e-03
3.068249672651290894e-03
2.778205089271068573e-03
3.241656348109245300e-03
2.750206505879759789e-03
2.528750104829668999e-03
2.712852554395794868e-03
3.055599983781576157e-03
3.129350254312157631e-03
2.777385059744119644e-03
2.773172222077846527e-03
2.659589517861604691e-03
2.735987072810530663e-03
2.957351971417665482e-03
2.903819084167480469e-03
2.595963422209024429e-03
2.629118505865335464e-03
2.557358238846063614e-03
2.612820593640208244e-03
2.636665711179375648e-03
2.635425189509987831e-03
2.698662923648953438e-03
2.779564354568719864e-03
3.002590965479612350e-03
2.644014079123735428e-03
2.757534151896834373e-03
2.703826408833265305e-03
2.785361139103770256e-03
2.891134005039930344e-03
2.725083846598863602e-03
2.629957394674420357e-03
2.809513360261917114e-03
2.779771573841571808e-03
2.692459849640727043e-03
2.589749870821833611e-03
2.839388791471719742e-03
2.880761632695794106e-03
2.564078196883201599e-03
2.723104320466518402e-03
2.523440402001142502e-03
2.844463801011443138e-03
2.739563584327697754e-03
3.113415557891130447e-03
2.375495620071887970e-03
2.989625791087746620e-03
2.510571153834462166e-03
2.644624561071395874e-03
2.748738275840878487e-03
2.589840441942214966e-03
2.585272537544369698e-03
2.642452251166105270e-03
2.519818488508462906e-03
2.752726664766669273e-03
2.503485651686787605e-03
2.902488922700285912e-03
2.589305397123098373e-03
2.695167437195777893e-03
2.778687514364719391e-03
2.643164712935686111e-03
3.368441713973879814e-03
2.754463814198970795e-03
2.650793176144361496e-03
2.859525382518768311e-03
2.822486450895667076e-03
2.850551623851060867e-03
2.584547270089387894e-03
3.132093930616974831e-03
2.530483994632959366e-03
2.538407221436500549e-03
2.660914789885282516e-03
2.644588705152273178e-03
3.030386287719011307e-03
2.574530430138111115e-03
2.973445923998951912e-03
2.589114941656589508e-03
2.664625411853194237e-03
2.494771499186754227e-03
3.099324181675910950e-03
2.854160265997052193e-03
2.627652138471603394e-03
2.575444057583808899e-03
2.896659076213836670e-03
2.479416318237781525e-03
2.699646167457103729e-03
2.987857442349195480e-03
2.801534486934542656e-03
2.491275779902935028e-03
2.661270787939429283e-03
2.688181120902299881e-03
2.568150172010064125e-03
2.480814000591635704e-03
2.542265690863132477e-03
2.622307278215885162e-03
2.542974660173058510e-03
2.479716902598738670e-03
2.690677298232913017e-03
2.665259642526507378e-03
2.614159369841217995e-03
2.435732167214155197e-03
2.530363388359546661e-03
2.811903366819024086e-03
2.968017710372805595e-03
2.907114103436470032e-03
2.750902436673641205e-03
2.602435415610671043e-03
2.458470407873392105e-03
2.771580591797828674e-03
2.929636277258396149e-03
2.736604306846857071e-03
2.470264211297035217e-03
3.209092654287815094e-03
2.648335881531238556e-03
2.940891077741980553e-03
2.667694818228483200e-03
2.691592089831829071e-03
3.176601836457848549e-03
2.808955498039722443e-03
2.496323082596063614e-03
2.597327809780836105e-03
2.986331703141331673e-03
2.848575124517083168e-03
2.642563078552484512e-03
2.619794569909572601e-03
2.708750311285257339e-03
2.672370523214340210e-03
2.712892368435859680e-03
2.661807928234338760e-03
2.612659242004156113e-03
2.676736563444137573e-03
2.701679710298776627e-03
2.424621954560279846e-03
2.623170614242553711e-03
2.891739364713430405e-03
2.315062331035733223e-03
2.403342397883534431e-03
2.982587087899446487e-03
2.555743558332324028e-03
2.788088284432888031e-03
2.959967590868473053e-03
2.520464826375246048e-03
2.443593926727771759e-03
3.085805568844079971e-03
2.381176222115755081e-03
2.602382563054561615e-03
2.727008890360593796e-03
2.654685871675610542e-03
2.676324220374226570e-03
2.686629071831703186e-03
2.434991067275404930e-03
2.572278492152690887e-03
2.594787161797285080e-03
2.853887854143977165e-03
2.819818211719393730e-03
2.591480035334825516e-03
2.566671697422862053e-03
2.398423384875059128e-03
2.720872173085808754e-03
2.598553663119673729e-03
2.406490966677665710e-03
2.910960232838988304e-03
2.916265511885285378e-03
2.556695370003581047e-03
2.850926481187343597e-03
3.132044337689876556e-03
2.727272920310497284e-03
2.694976981729269028e-03
2.435744972899556160e-03
2.806147094815969467e-03
2.895314246416091919e-03
2.803833922371268272e-03
2.514050807803869247e-03
2.450650092214345932e-03
2.348966663703322411e-03
2.682868391275405884e-03
2.497141482308506966e-03
2.463056705892086029e-03
2.760282950475811958e-03
2.603641478344798088e-03
2.394369803369045258e-03
2.613450400531291962e-03
2.615774981677532196e-03
2.628999762237071991e-03
2.632837276905775070e-03
2.831755438819527626e-03
2.798622241243720055e-03
2.452379325404763222e-03
2.644481137394905090e-03
2.431715372949838638e-03
2.735383342951536179e-03
2.764775650575757027e-03
2.569958567619323730e-03
