5.423005223274230957e-01
1.899806559085845947e-01
1.274394989013671875e-01
9.199938178062438965e-02
1.000161841511726379e-01
8.356081694364547729e-02
6.388995796442031860e-02
2.333814948797225952e-01
7.733796238899230957e-01
9.500806331634521484e-01
8.159908056259155273e-01
8.009403347969055176e-01
4.755809009075164795e-01
2.012267857789993286e-01
1.228087395429611206e-01
1.121017038822174072e-01
9.141946583986282349e-02
7.037933170795440674e-02
7.368583232164382935e-02
1.840634346008300781e-01
8.312353491783142090e-01
9.690531492233276367e-01
9.078544974327087402e-01
8.083193898200988770e-01
5.657064914703369141e-01
2.327729314565658569e-01
1.774508506059646606e-01
1.642818301916122437e-01
1.746086478233337402e-01
1.243088245391845703e-01
1.309220194816589355e-01
2.126347273588180542e-01
7.780255079269409180e-01
9.438959956169128418e-01
8.818399310111999512e-01
8.350866436958312988e-01
5.294582247734069824e-01
1.854069977998733521e-01
1.253464370965957642e-01
1.116939634084701538e-01
9.356536716222763062e-02
8.427297323942184448e-02
7.814475893974304199e-02
1.274131089448928833e-01
1.208463311195373535e-01
6.593776494264602661e-02
9.031701087951660156e-02
6.112968921661376953e-02
6.365275382995605469e-02
5.024022608995437622e-02
5.692883580923080444e-02
5.399375408887863159e-02
4.418552666902542114e-02
3.483752906322479248e-02
3.455673158168792725e-02
2.469350583851337433e-02
3.583172708749771118e-02
7.277497649192810059e-02
9.166272729635238647e-02
7.620814442634582520e-02
2.485470660030841827e-02
7.589478790760040283e-02
8.265165984630584717e-02
6.226509064435958862e-02
2.995702065527439117e-02
3.739458322525024414e-02
9.617193043231964111e-02
1.399651467800140381e-01
7.621185183525085449e-01
9.569410681724548340e-01
8.932236433029174805e-01
8.655722737312316895e-01
5.521537661552429199e-01
2.139973789453506470e-01
1.447458118200302124e-01
1.111083328723907471e-01
8.984930068254470825e-02
8.598230779170989990e-02
1.297153830528259277e-01
2.737730443477630615e-01
8.352185487747192383e-01
9.500231146812438965e-01
8.582201004028320312e-01
8.131234049797058105e-01
5.058344602584838867e-01
1.854922175407409668e-01
1.323203891515731812e-01
1.158972978591918945e-01
1.022249758243560791e-01
7.634560018777847290e-02
7.217039167881011963e-02
7.390493899583816528e-02
7.595988512039184570e-01
8.970361351966857910e-01
8.971498012542724609e-01
7.992558479309082031e-01
5.126760601997375488e-01
2.002392262220382690e-01
1.591219604015350342e-01
1.415285766124725342e-01
1.452643275260925293e-01
1.428619772195816040e-01
1.241159886121749878e-01
2.568728029727935791e-01
8.490576148033142090e-01
9.854994416236877441e-01
9.442288875579833984e-01
8.398160338401794434e-01
5.250605940818786621e-01
1.925207823514938354e-01
1.364903301000595093e-01
1.438250690698623657e-01
1.153236180543899536e-01
1.107814460992813110e-01
9.667719900608062744e-02
2.507438659667968750e-01
8.232110142707824707e-01
9.394589066505432129e-01
9.172014594078063965e-01
9.026268124580383301e-01
5.365479588508605957e-01
1.793504804372787476e-01
1.591250151395797729e-01
1.096069887280464172e-01
1.109484881162643433e-01
9.145998954772949219e-02
8.592806011438369751e-02
1.638725847005844116e-01
5.348234623670578003e-02
8.891034126281738281e-02
1.096079349517822266e-01
1.042354479432106018e-01
9.219465404748916626e-02
7.587700337171554565e-02
6.996047496795654297e-02
6.325316429138183594e-02
4.757821559906005859e-02
3.584402054548263550e-02
3.370848298072814941e-02
2.890543825924396515e-02
2.596118114888668060e-02
3.366719186305999756e-02
4.804294556379318237e-02
7.610308378934860229e-02
6.376869976520538330e-02
9.700814634561538696e-02
7.892535626888275146e-02
8.508846908807754517e-02
5.834664404392242432e-02
7.004630565643310547e-02
9.514765441417694092e-02
2.029961198568344116e-01
8.045898079872131348e-01
9.864404201507568359e-01
9.335674047470092773e-01
8.705945014953613281e-01
5.475475788116455078e-01
2.350272536277770996e-01
1.907644867897033691e-01
1.762654334306716919e-01
1.921419650316238403e-01
1.976046115159988403e-01
1.886393874883651733e-01
3.291120827198028564e-01
8.062939047813415527e-01
9.711216092109680176e-01
8.361892104148864746e-01
8.126647472381591797e-01
5.010555386543273926e-01
2.237723320722579956e-01
1.331750452518463135e-01
1.383980363607406616e-01
1.091209873557090759e-01
7.414465397596359253e-02
7.893658429384231567e-02
1.838859915733337402e-01
7.813931703567504883e-01
9.425491094589233398e-01
8.934010863304138184e-01
8.266218304634094238e-01
5.289121270179748535e-01
2.019993513822555542e-01
1.567189395427703857e-01
1.345011293888092041e-01
1.294526308774948120e-01
1.406288146972656250e-01
1.044622138142585754e-01
2.598763406276702881e-01
8.032671213150024414e-01
9.685133099555969238e-01
9.153996109962463379e-01
8.364582061767578125e-01
5.119844675064086914e-01
1.977071762084960938e-01
1.467781811952590942e-01
1.256834566593170166e-01
9.452192485332489014e-02
8.772180229425430298e-02
8.301196992397308350e-02
1.950749158859252930e-01
8.371542096138000488e-01
9.879429340362548828e-01
9.025437235832214355e-01
8.198108673095703125e-01
4.711393117904663086e-01
1.425243467092514038e-01
1.179702430963516235e-01
1.143428981304168701e-01
9.568931907415390015e-02
9.436473250389099121e-02
6.520222127437591553e-02
5.780060589313507080e-02
8.687483519315719604e-02
8.095514029264450073e-02
7.877665758132934570e-02
8.624163269996643066e-02
7.621150463819503784e-02
7.344719767570495605e-02
5.897076427936553955e-02
8.024806529283523560e-02
5.808317661285400391e-02
3.321477025747299194e-02
3.526665270328521729e-02
3.468144685029983521e-02
4.522679001092910767e-02
5.917441844940185547e-02
5.794254690408706665e-02
5.750475823879241943e-02
7.412359118461608887e-02
1.307793855667114258e-01
1.437881737947463989e-01
9.676674008369445801e-02
7.007533311843872070e-02
4.361031204462051392e-02
9.201803058385848999e-02
1.752843260765075684e-01
8.068568706512451172e-01
9.561167955398559570e-01
9.111093878746032715e-01
8.774905800819396973e-01
5.691112279891967773e-01
2.570111453533172607e-01
1.717033386230468750e-01
1.720783859491348267e-01
1.729792505502700806e-01
1.735641658306121826e-01
1.608624458312988281e-01
3.323881030082702637e-01
8.398927450180053711e-01
9.594472646713256836e-01
9.031896591186523438e-01
8.670613765716552734e-01
5.252730846405029297e-01
1.892278939485549927e-01
1.512938588857650757e-01
1.414246857166290283e-01
1.172423213720321655e-01
1.203014105558395386e-01
1.116577982902526855e-01
2.390049695968627930e-01
8.132631182670593262e-01
9.654485583305358887e-01
9.410834908485412598e-01
8.324146270751953125e-01
5.476171970367431641e-01
2.541636824607849121e-01
1.704914122819900513e-01
1.468244045972824097e-01
1.557559520006179810e-01
1.284057199954986572e-01
1.381594538688659668e-01
3.216166496276855469e-01
8.659562468528747559e-01
9.710354804992675781e-01
9.460258483886718750e-01
9.075196385383605957e-01
5.444901585578918457e-01
2.105401456356048584e-01
1.487846374511718750e-01
1.457931250333786011e-01
1.526033431291580200e-01
1.121465116739273071e-01
9.786772727966308594e-02
2.451988756656646729e-01
7.560006380081176758e-01
8.903316855430603027e-01
8.304941058158874512e-01
7.658832073211669922e-01
4.616878628730773926e-01
1.502499431371688843e-01
9.199969470500946045e-02
8.975131809711456299e-02
7.914846390485763550e-02
8.479057997465133667e-02
6.926510483026504517e-02
6.369478255510330200e-02
6.514293700456619263e-02
7.933961600065231323e-02
8.760942518711090088e-02
5.547500401735305786e-02
6.336846202611923218e-02
5.611073225736618042e-02
5.913874506950378418e-02
6.236117333173751831e-02
4.838852584362030029e-02
4.053950309753417969e-02
4.905536025762557983e-02
2.790065668523311615e-02
3.145934641361236572e-02
5.292533338069915771e-02
5.303525924682617188e-02
5.289511382579803467e-02
7.140471041202545166e-02
5.303683876991271973e-02
1.760036498308181763e-02
2.501738257706165314e-02
3.601130843162536621e-02
2.298297919332981110e-02
1.864922605454921722e-02
2.501882053911685944e-02
6.759917736053466797e-01
9.110024571418762207e-01
8.769883513450622559e-01
7.996615171432495117e-01
5.058050155639648438e-01
1.763142943382263184e-01
1.506454199552536011e-01
1.347257941961288452e-01
1.489809751510620117e-01
1.200020909309387207e-01
1.572472006082534790e-01
3.049343824386596680e-01
8.128995895385742188e-01
9.406145215034484863e-01
9.085689783096313477e-01
8.583806753158569336e-01
5.729288458824157715e-01
2.464466989040374756e-01
1.669649928808212280e-01
1.283823996782302856e-01
1.376113742589950562e-01
1.328663378953933716e-01
1.258111745119094849e-01
3.100542724132537842e-01
8.142707943916320801e-01
9.714770913124084473e-01
9.099618792533874512e-01
8.410599827766418457e-01
5.387843847274780273e-01
1.978179067373275757e-01
1.362207382917404175e-01
1.357172578573226929e-01
1.360686272382736206e-01
1.211314052343368530e-01
1.236233562231063843e-01
2.457745969295501709e-01
7.820496559143066406e-01
9.708188176155090332e-01
9.313343167304992676e-01
8.747762441635131836e-01
5.472819209098815918e-01
1.811379194259643555e-01
1.683919429779052734e-01
1.477538347244262695e-01
1.490259170532226562e-01
1.429085135459899902e-01
1.421001106500625610e-01
3.029994070529937744e-01
8.041287064552307129e-01
8.868117332458496094e-01
8.777437806129455566e-01
8.538597822189331055e-01
4.887537360191345215e-01
1.947964429855346680e-01
1.458212137222290039e-01
1.047772988677024841e-01
1.015553921461105347e-01
1.067336052656173706e-01
1.067958623170852661e-01
1.359882801771163940e-01
7.388399541378021240e-02
8.961626142263412476e-02
7.457070797681808472e-02
6.043593585491180420e-02
3.779060393571853638e-02
7.620312273502349854e-02
7.683050632476806641e-02
5.744864791631698608e-02
5.514043569564819336e-02
4.115767776966094971e-02
3.743629157543182373e-02
3.447966277599334717e-02
4.614656418561935425e-02
7.053417712450027466e-02
6.187434494495391846e-02
7.778829336166381836e-02
5.071774870157241821e-02
8.264443278312683105e-02
1.132052391767501831e-01
1.001768484711647034e-01
9.300110489130020142e-02
1.123415678739547729e-01
6.016130745410919189e-02
8.594402670860290527e-02
6.555804014205932617e-01
8.159271478652954102e-01
8.393800854682922363e-01
7.834205031394958496e-01
5.450327992439270020e-01
2.611334919929504395e-01
1.666410565376281738e-01
1.599877774715423584e-01
1.513918042182922363e-01
1.776821762323379517e-01
1.946945488452911377e-01
3.027788996696472168e-01
8.078718781471252441e-01
8.843622803688049316e-01
8.020114898681640625e-01
7.565555572509765625e-01
5.073148608207702637e-01
1.983280032873153687e-01
1.467585712671279907e-01
9.406275302171707153e-02
1.173356324434280396e-01
1.007139757275581360e-01
9.978615492582321167e-02
1.708144992589950562e-01
7.388334274291992188e-01
9.156273007392883301e-01
8.910535573959350586e-01
8.121132254600524902e-01
5.305310487747192383e-01
1.891890764236450195e-01
1.592655777931213379e-01
1.421780884265899658e-01
1.309095919132232666e-01
1.215512454509735107e-01
1.040590256452560425e-01
2.406046986579895020e-01
8.026572465896606445e-01
9.414891600608825684e-01
8.989613056182861328e-01
9.126822948455810547e-01
5.249977707862854004e-01
1.992797702550888062e-01
1.610787063837051392e-01
1.376697272062301636e-01
1.318365186452865601e-01
1.184477061033248901e-01
9.738789498805999756e-02
2.833651900291442871e-01
7.683185338973999023e-01
8.336691260337829590e-01
7.792379260063171387e-01
7.413554787635803223e-01
4.171439409255981445e-01
1.408749669790267944e-01
1.082660779356956482e-01
1.328381150960922241e-01
9.182919561862945557e-02
8.672952651977539062e-02
9.208460897207260132e-02
7.717915624380111694e-02
7.935063540935516357e-02
8.605092763900756836e-02
7.173749059438705444e-02
6.884422898292541504e-02
3.426700830459594727e-02
7.190545648336410522e-02
4.911120235919952393e-02
7.999945431947708130e-02
7.250376045703887939e-02
6.001281738281250000e-02
6.189541518688201904e-02
6.339500844478607178e-02
5.871417373418807983e-02
9.267654269933700562e-02
6.367544084787368774e-02
8.528261631727218628e-02
7.375677675008773804e-02
6.451892107725143433e-02
8.734047412872314453e-02
8.674570918083190918e-02
1.636291444301605225e-01
1.485535502433776855e-01
1.215934157371520996e-01
1.381430923938751221e-01
7.437574863433837891e-01
9.185959696769714355e-01
9.168400764465332031e-01
8.661597967147827148e-01
6.011530756950378418e-01
3.592267930507659912e-01
2.926069796085357666e-01
2.731803953647613525e-01
2.542197406291961670e-01
2.711178362369537354e-01
2.974084615707397461e-01
4.383132159709930420e-01
8.420686125755310059e-01
9.652806520462036133e-01
9.604715704917907715e-01
9.068120718002319336e-01
6.232192516326904297e-01
3.260950148105621338e-01
2.848587632179260254e-01
2.647066116333007812e-01
2.686199247837066650e-01
2.623274326324462891e-01
2.700711190700531006e-01
3.671221435070037842e-01
8.368955850601196289e-01
8.999819755554199219e-01
8.852810263633728027e-01
7.977841496467590332e-01
5.746185779571533203e-01
3.181608617305755615e-01
2.068537920713424683e-01
2.618454992771148682e-01
2.379501163959503174e-01
2.069232761859893799e-01
1.986786872148513794e-01
3.121881186962127686e-01
8.483597636222839355e-01
8.432576060295104980e-01
8.692999482154846191e-01
8.770549297332763672e-01
5.757225155830383301e-01
2.676274180412292480e-01
1.726450175046920776e-01
1.635648012161254883e-01
1.645658761262893677e-01
1.768251061439514160e-01
1.648713350296020508e-01
2.980320453643798828e-01
7.352262735366821289e-01
8.423893451690673828e-01
8.108368515968322754e-01
7.204673886299133301e-01
4.317785799503326416e-01
1.741564422845840454e-01
1.612533330917358398e-01
1.087371855974197388e-01
1.049352288246154785e-01
1.005248576402664185e-01
7.147850096225738525e-02
1.083619818091392517e-01
6.132764369249343872e-02
5.860079079866409302e-02
5.954987555742263794e-02
5.652799457311630249e-02
6.366006284952163696e-02
5.358829349279403687e-02
5.653809010982513428e-02
5.683579295873641968e-02
4.851374775171279907e-02
4.393906146287918091e-02
3.033565543591976166e-02
3.107176162302494049e-02
3.847886621952056885e-02
4.967403411865234375e-02
2.645567245781421661e-02
6.119860708713531494e-02
6.788750737905502319e-02
7.171835750341415405e-02
1.044922769069671631e-01
1.661538779735565186e-01
1.922570765018463135e-01
1.591994911432266235e-01
2.660356760025024414e-01
3.002396821975708008e-01
6.098589897155761719e-01
9.421600103378295898e-01
8.775855302810668945e-01
9.048513770103454590e-01
6.003367900848388672e-01
3.138729631900787354e-01
2.557184994220733643e-01
2.705639004707336426e-01
2.605105936527252197e-01
3.137145638465881348e-01
3.492676615715026855e-01
4.084025919437408447e-01
8.771342635154724121e-01
9.777499437332153320e-01
9.450742602348327637e-01
9.615513086318969727e-01
6.098186969757080078e-01
3.350785970687866211e-01
2.768493294715881348e-01
2.826987206935882568e-01
2.699615955352783203e-01
2.531647086143493652e-01
3.099312782287597656e-01
4.119392037391662598e-01
8.623338341712951660e-01
8.975678086280822754e-01
8.869438767433166504e-01
9.778770804405212402e-01
6.574499607086181641e-01
3.507763445377349854e-01
2.958150207996368408e-01
2.176063209772109985e-01
2.012072205543518066e-01
2.402067780494689941e-01
2.440086007118225098e-01
4.041483998298645020e-01
9.209216237068176270e-01
9.608991146087646484e-01
9.650940299034118652e-01
8.391833901405334473e-01
5.726264715194702148e-01
2.762716710567474365e-01
2.333174347877502441e-01
1.886275410652160645e-01
1.922117322683334351e-01
2.106335610151290894e-01
2.083678841590881348e-01
3.720390498638153076e-01
8.349677920341491699e-01
9.149818420410156250e-01
8.323962688446044922e-01
8.380253911018371582e-01
5.303285121917724609e-01
2.008121013641357422e-01
1.326714009046554565e-01
8.966215699911117554e-02
9.382728487253189087e-02
6.258776783943176270e-02
8.337929844856262207e-02
7.011684775352478027e-02
8.474951982498168945e-02
8.194443583488464355e-02
5.647263675928115845e-02
5.240063369274139404e-02
4.087292402982711792e-02
8.894354850053787231e-02
7.072097808122634888e-02
8.508656919002532959e-02
1.223654747009277344e-01
1.040436178445816040e-01
1.028523072600364685e-01
8.080717921257019043e-02
6.883455067873001099e-02
8.260379731655120850e-02
7.169466465711593628e-02
1.119790971279144287e-01
4.073711484670639038e-02
5.675786733627319336e-02
5.918224155902862549e-02
8.102351427078247070e-02
6.447370350360870361e-02
7.694471627473831177e-02
7.526334375143051147e-02
1.132083684206008911e-01
7.029477953910827637e-01
9.179263114929199219e-01
9.013344645500183105e-01
8.457391262054443359e-01
5.290092825889587402e-01
2.307364791631698608e-01
2.091673463582992554e-01
2.091298550367355347e-01
2.153986543416976929e-01
2.488168179988861084e-01
2.602981626987457275e-01
3.446027040481567383e-01
8.227495551109313965e-01
9.962627887725830078e-01
9.534524083137512207e-01
8.065471053123474121e-01
5.595165491104125977e-01
2.678201198577880859e-01
1.949184983968734741e-01
1.599681824445724487e-01
1.781707108020782471e-01
1.496201753616333008e-01
1.581021547317504883e-01
3.126510083675384521e-01
7.925001382827758789e-01
9.635450243949890137e-01
9.061673879623413086e-01
8.081338405609130859e-01
5.545069575309753418e-01
1.924049705266952515e-01
1.566758751869201660e-01
1.608784645795822144e-01
1.588754802942276001e-01
1.655925512313842773e-01
1.194312274456024170e-01
3.187933862209320068e-01
8.524039387702941895e-01
9.732604622840881348e-01
9.003011584281921387e-01
9.053879380226135254e-01
5.551624298095703125e-01
2.138375639915466309e-01
1.565347462892532349e-01
1.367460340261459351e-01
1.173900365829467773e-01
1.362900882959365845e-01
1.091943681240081787e-01
2.544903457164764404e-01
8.349346518516540527e-01
9.526319503784179688e-01
9.099021553993225098e-01
7.994176745414733887e-01
4.863778650760650635e-01
1.779292672872543335e-01
1.239895224571228027e-01
1.177969127893447876e-01
9.389304369688034058e-02
6.979718059301376343e-02
8.355580270290374756e-02
6.560041755437850952e-02
9.978330880403518677e-02
7.616044580936431885e-02
6.338571012020111084e-02
5.768580734729766846e-02
5.765911191701889038e-02
5.352722108364105225e-02
4.439160227775573730e-02
5.749633163213729858e-02
4.136683046817779541e-02
4.428629577159881592e-02
3.690739721059799194e-02
3.499954193830490112e-02
3.421428054571151733e-02
4.234597086906433105e-02
6.729622930288314819e-02
5.054458230733871460e-02
3.548846393823623657e-02
6.339800357818603516e-02
9.111405909061431885e-02
1.285395026206970215e-01
5.389373004436492920e-02
9.992708265781402588e-02
1.166636347770690918e-01
1.299088597297668457e-01
7.079183459281921387e-01
8.756898045539855957e-01
8.510013818740844727e-01
7.919047474861145020e-01
5.412687063217163086e-01
1.994493156671524048e-01
1.612622886896133423e-01
1.436067521572113037e-01
1.280037760734558105e-01
1.189415603876113892e-01
1.970127969980239868e-01
2.829872369766235352e-01
7.800386548042297363e-01
9.173406362533569336e-01
9.316694140434265137e-01
8.445442318916320801e-01
5.531689524650573730e-01
2.461949288845062256e-01
1.676843911409378052e-01
1.416655778884887695e-01
1.479812115430831909e-01
1.311361640691757202e-01
1.373988389968872070e-01
2.819726765155792236e-01
8.308653831481933594e-01
9.434873461723327637e-01
9.296644926071166992e-01
8.759711980819702148e-01
5.023422837257385254e-01
1.722930669784545898e-01
1.459896117448806763e-01
1.537594795227050781e-01
1.198465228080749512e-01
1.102262586355209351e-01
1.037471890449523926e-01
1.877096444368362427e-01
8.042065501213073730e-01
9.573326110839843750e-01
8.966090679168701172e-01
8.326842784881591797e-01
4.823554754257202148e-01
1.471652090549468994e-01
1.169985085725784302e-01
1.067462339997291565e-01
9.353391826152801514e-02
9.187685698270797729e-02
7.853671908378601074e-02
2.248518615961074829e-01
7.518366575241088867e-01
9.468329548835754395e-01
8.735114932060241699e-01
8.736353516578674316e-01
5.233215689659118652e-01
2.061331123113632202e-01
1.446823328733444214e-01
1.759859472513198853e-01
1.206110864877700806e-01
1.425132155418395996e-01
1.171469390392303467e-01
1.713820248842239380e-01
1.768376678228378296e-01
7.941918075084686279e-02
6.025163084268569946e-02
5.842922627925872803e-02
6.267465651035308838e-02
6.942319869995117188e-02
5.649124830961227417e-02
5.771312117576599121e-02
8.136598765850067139e-02
5.282033234834671021e-02
4.430016130208969116e-02
5.919714272022247314e-02
3.932321816682815552e-02
4.843477159738540649e-02
3.735994547605514526e-02
6.676741689443588257e-02
4.799313098192214966e-02
4.267784953117370605e-02
7.506012916564941406e-02
7.431825995445251465e-02
8.300194889307022095e-02
1.368883997201919556e-01
1.834021657705307007e-01
2.120553255081176758e-01
7.407039999961853027e-01
8.581140041351318359e-01
8.504257202148437500e-01
8.267309665679931641e-01
5.746225714683532715e-01
3.068230748176574707e-01
2.135329693555831909e-01
1.991811394691467285e-01
1.963714212179183960e-01
2.152975946664810181e-01
2.424584031105041504e-01
3.446547687053680420e-01
8.219236731529235840e-01
9.948016405105590820e-01
9.433909058570861816e-01
9.028574824333190918e-01
5.737283825874328613e-01
2.612352967262268066e-01
2.302617430686950684e-01
1.545530259609222412e-01
1.863445788621902466e-01
1.595641225576400757e-01
1.643895357847213745e-01
3.159563541412353516e-01
8.633554577827453613e-01
1.016785740852355957e+00
9.170431494712829590e-01
8.569356799125671387e-01
5.505543351173400879e-01
2.670716345310211182e-01
1.948848217725753784e-01
1.758148968219757080e-01
2.195251286029815674e-01
2.117053568363189697e-01
2.257260084152221680e-01
3.228418529033660889e-01
8.450262546539306641e-01
9.827399849891662598e-01
9.635034203529357910e-01
8.925678730010986328e-01
5.834729671478271484e-01
2.584671974182128906e-01
2.012275159358978271e-01
2.025841176509857178e-01
2.081575840711593628e-01
1.796822249889373779e-01
2.020794749259948730e-01
3.463636934757232666e-01
8.118695020675659180e-01
9.238675236701965332e-01
9.254101514816284180e-01
8.433442115783691406e-01
5.399044156074523926e-01
2.069805264472961426e-01
1.708691120147705078e-01
1.747299879789352417e-01
1.639183312654495239e-01
1.448174417018890381e-01
1.631080955266952515e-01
1.284230798482894897e-01
1.287869065999984741e-01
7.782733440399169922e-02
6.488199532032012939e-02
6.110433489084243774e-02
4.435644298791885376e-02
5.432606488466262817e-02
9.583486616611480713e-02
1.274852454662322998e-01
1.201770901679992676e-01
7.079397886991500854e-02
5.846805870532989502e-02
6.729392707347869873e-02
5.118168145418167114e-02
7.017244398593902588e-02
5.874207615852355957e-02
8.607058227062225342e-02
9.245713055133819580e-02
1.131286025047302246e-01
1.101540327072143555e-01
1.477879434823989868e-01
1.428035944700241089e-01
1.361156105995178223e-01
1.176369190216064453e-01
1.508959084749221802e-01
7.127413749694824219e-01
8.476008772850036621e-01
8.719796538352966309e-01
8.697746992111206055e-01
5.834439992904663086e-01
2.885128557682037354e-01
2.013178914785385132e-01
1.969766616821289062e-01
1.852454990148544312e-01
1.896226853132247925e-01
2.084249705076217651e-01
3.303364217281341553e-01
8.463771939277648926e-01
9.806852340698242188e-01
9.395985007286071777e-01
8.666350245475769043e-01
5.578355193138122559e-01
2.378324270248413086e-01
1.612933278083801270e-01
1.586628705263137817e-01
1.358747780323028564e-01
1.141850948333740234e-01
1.125639379024505615e-01
2.973113954067230225e-01
7.896639108657836914e-01
9.268998503684997559e-01
8.615247011184692383e-01
7.978361248970031738e-01
5.033376812934875488e-01
1.858514994382858276e-01
1.403397470712661743e-01
1.426776200532913208e-01
1.383668482303619385e-01
9.235179424285888672e-02
8.359283208847045898e-02
1.500045359134674072e-01
8.116088509559631348e-01
9.427956342697143555e-01
8.864253163337707520e-01
8.169471025466918945e-01
5.005124807357788086e-01
1.711376309394836426e-01
1.289315968751907349e-01
1.129902899265289307e-01
9.164135903120040894e-02
9.731785953044891357e-02
9.955796599388122559e-02
2.493977546691894531e-01
7.973382472991943359e-01
9.362974762916564941e-01
8.177468180656433105e-01
8.529247641563415527e-01
5.127191543579101562e-01
1.761279255151748657e-01
1.334879994392395020e-01
1.425070464611053467e-01
1.110631600022315979e-01
1.180785447359085083e-01
1.163265258073806763e-01
1.373212933540344238e-01
9.967219829559326172e-02
6.977471709251403809e-02
6.786351650953292847e-02
6.407265365123748779e-02
6.239156424999237061e-02
5.158439278602600098e-02
5.321707576513290405e-02
6.269887089729309082e-02
9.457620978355407715e-02
4.473338276147842407e-02
6.088982522487640381e-02
6.960102915763854980e-02
4.457717388868331909e-02
4.869734495878219604e-02
3.453034907579421997e-02
5.219198763370513916e-02
3.634241968393325806e-02
4.338715225458145142e-02
3.165637701749801636e-02
5.717743933200836182e-02
5.557161569595336914e-02
5.620410293340682983e-02
8.236695080995559692e-02
9.065336734056472778e-02
7.392336726188659668e-01
9.218049645423889160e-01
8.234652876853942871e-01
8.203840255737304688e-01
5.061165094375610352e-01
2.207215577363967896e-01
1.273215264081954956e-01
9.413149207830429077e-02
6.825746595859527588e-02
7.780764251947402954e-02
1.296984702348709106e-01
2.294085025787353516e-01
7.787721753120422363e-01
9.444692134857177734e-01
8.993308544158935547e-01
8.510891795158386230e-01
5.283187627792358398e-01
1.957935243844985962e-01
1.252050846815109253e-01
1.130411624908447266e-01
1.057786643505096436e-01
8.657550811767578125e-02
6.645232439041137695e-02
2.171616107225418091e-01
7.929915785789489746e-01
9.914628267288208008e-01
9.245679378509521484e-01
8.594348430633544922e-01
5.276417136192321777e-01
1.945341080427169800e-01
1.447171270847320557e-01
1.133891195058822632e-01
1.021891832351684570e-01
9.387229382991790771e-02
8.377043902873992920e-02
2.646327018737792969e-01
7.649287581443786621e-01
8.697250485420227051e-01
8.284726142883300781e-01
7.762524485588073730e-01
4.825266003608703613e-01
1.614558249711990356e-01
1.126504540443420410e-01
7.724405080080032349e-02
6.706544011831283569e-02
7.402712851762771606e-02
5.512771755456924438e-02
6.861401349306106567e-02
7.380599975585937500e-01
8.794748783111572266e-01
8.846262097358703613e-01
7.462541460990905762e-01
4.677132070064544678e-01
1.427730321884155273e-01
9.307084977626800537e-02
9.674431383609771729e-02
8.195979893207550049e-02
7.397729903459548950e-02
7.767453789710998535e-02
1.024925410747528076e-01
5.747679620981216431e-02
7.271821051836013794e-02
4.724232852458953857e-02
3.391678631305694580e-02
2.632434479892253876e-02
3.213032335042953491e-02
3.008781187236309052e-02
3.857953846454620361e-02
2.946905232965946198e-02
2.418491803109645844e-02
3.388504683971405029e-02
2.536385692656040192e-02
2.980727516114711761e-02
4.857353866100311279e-02
2.177570201456546783e-02
1.644278131425380707e-02
3.772775828838348389e-02
5.311339348554611206e-02
6.603896617889404297e-02
2.552679367363452911e-02
7.150318473577499390e-02
1.145141422748565674e-01
2.176660299301147461e-01
2.480112314224243164e-01
7.473803758621215820e-01
8.873928785324096680e-01
8.741332888603210449e-01
8.062217235565185547e-01
5.421496033668518066e-01
2.652761936187744141e-01
1.535137593746185303e-01
1.584754437208175659e-01
1.392728090286254883e-01
1.328739374876022339e-01
1.785960644483566284e-01
2.836801409721374512e-01
7.807842493057250977e-01
9.579954743385314941e-01
9.218667745590209961e-01
8.686403632164001465e-01
5.271928310394287109e-01
2.059073299169540405e-01
1.320402026176452637e-01
1.310155093669891357e-01
1.372326016426086426e-01
1.158455908298492432e-01
1.159573793411254883e-01
2.954993844032287598e-01
7.888688445091247559e-01
9.164904952049255371e-01
8.976307511329650879e-01
8.608229756355285645e-01
5.089889168739318848e-01
2.414284944534301758e-01
1.697604060173034668e-01
1.793805062770843506e-01
1.942616403102874756e-01
1.856560558080673218e-01
1.835738122463226318e-01
3.150442242622375488e-01
8.064125180244445801e-01
9.562593102455139160e-01
9.112157821655273438e-01
8.644508123397827148e-01
5.391970872879028320e-01
2.166712433099746704e-01
1.396416276693344116e-01
1.172627806663513184e-01
1.116689890623092651e-01
1.024487242102622986e-01
8.281962573528289795e-02
2.880291044712066650e-01
7.424898743629455566e-01
8.411846756935119629e-01
8.014122843742370605e-01
8.187780976295471191e-01
5.080388784408569336e-01
1.556174606084823608e-01
1.276993602514266968e-01
1.336149126291275024e-01
1.348556131124496460e-01
1.080611646175384521e-01
1.043497920036315918e-01
1.046066135168075562e-01
1.056624129414558411e-01
6.179013848304748535e-02
6.803963333368301392e-02
4.933825880289077759e-02
3.098552487790584564e-02
5.494156479835510254e-02
5.216040462255477905e-02
5.806455016136169434e-02
4.539017379283905029e-02
3.222037106752395630e-02
2.653199620544910431e-02
2.847656421363353729e-02
1.955105923116207123e-02
3.453686833381652832e-02
3.646288812160491943e-02
2.431404404342174530e-02
2.202946878969669342e-02
4.966510459780693054e-04
2.291296981275081635e-02
6.838653236627578735e-02
7.674798369407653809e-02
7.303237169981002808e-02
4.287540912628173828e-03
1.100730523467063904e-01
6.510514616966247559e-01
8.812192678451538086e-01
8.364369869232177734e-01
7.823660373687744141e-01
4.977271556854248047e-01
2.053345888853073120e-01
1.410150080919265747e-01
1.256855428218841553e-01
1.307334005832672119e-01
1.299872696399688721e-01
1.991524249315261841e-01
2.666203975677490234e-01
7.841129302978515625e-01
9.316539168357849121e-01
8.295496106147766113e-01
8.357846140861511230e-01
5.016726851463317871e-01
1.874648928642272949e-01
1.376043409109115601e-01
1.309085339307785034e-01
1.179789602756500244e-01
1.091032847762107849e-01
1.076355427503585815e-01
2.403957545757293701e-01
7.691280841827392578e-01
9.456697702407836914e-01
9.135674238204956055e-01
8.642352819442749023e-01
5.274750590324401855e-01
2.225447446107864380e-01
1.484771966934204102e-01
1.459482014179229736e-01
1.535097509622573853e-01
1.605863273143768311e-01
1.690052896738052368e-01
3.234888613224029541e-01
8.050355911254882812e-01
9.397209882736206055e-01
9.376981258392333984e-01
8.623014092445373535e-01
5.325878858566284180e-01
2.263992875814437866e-01
1.678161323070526123e-01
1.543033868074417114e-01
1.492552012205123901e-01
1.415947079658508301e-01
1.494164615869522095e-01
2.943988442420959473e-01
7.628355026245117188e-01
8.772564530372619629e-01
8.322544693946838379e-01
7.663213014602661133e-01
4.702285230159759521e-01
1.465204358100891113e-01
1.031655743718147278e-01
9.768365323543548584e-02
1.204638183116912842e-01
1.300306916236877441e-01
9.691528230905532837e-02
1.009980291128158569e-01
7.543298602104187012e-02
9.647784382104873657e-02
9.012603759765625000e-02
7.719502598047256470e-02
7.516190409660339355e-02
6.634827703237533569e-02
6.050948798656463623e-02
6.100503355264663696e-02
5.376695096492767334e-02
6.796779483556747437e-02
7.387285679578781128e-02
5.155020952224731445e-02
4.049801081418991089e-02
7.982986420392990112e-02
7.204193621873855591e-02
6.573738157749176025e-02
5.923695117235183716e-02
8.200851082801818848e-02
1.017468646168708801e-01
8.642963320016860962e-02
7.660245895385742188e-02
7.528225332498550415e-02
8.463610708713531494e-02
8.188837021589279175e-02
7.355031967163085938e-01
8.707224726676940918e-01
8.845454454421997070e-01
8.767671585083007812e-01
5.469479560852050781e-01
2.222813814878463745e-01
1.414806842803955078e-01
1.334871798753738403e-01
1.048578396439552307e-01
8.775553107261657715e-02
1.509708017110824585e-01
3.035328090190887451e-01
8.356121778488159180e-01
9.598793983459472656e-01
9.228712916374206543e-01
8.269453644752502441e-01
5.571731328964233398e-01
2.423754632472991943e-01
1.508151441812515259e-01
1.377032250165939331e-01
1.393826454877853394e-01
1.280236244201660156e-01
1.568081229925155640e-01
3.257879614830017090e-01
7.682780027389526367e-01
8.498642444610595703e-01
8.375754356384277344e-01
7.991611361503601074e-01
4.952901005744934082e-01
2.551714777946472168e-01
1.658633351325988770e-01
1.594604551792144775e-01
1.652239412069320679e-01
1.568170934915542603e-01
1.350559592247009277e-01
2.874113023281097412e-01
7.726005315780639648e-01
9.387726783752441406e-01
9.334213137626647949e-01
8.681316375732421875e-01
7.147987484931945801e-01
2.216658592224121094e-01
1.492441892623901367e-01
1.166228055953979492e-01
9.779433906078338623e-02
8.132919669151306152e-02
7.582698762416839600e-02
2.678022682666778564e-01
7.469466328620910645e-01
8.364661931991577148e-01
8.196364045143127441e-01
7.993804216384887695e-01
4.247020184993743896e-01
1.756471991539001465e-01
1.308854371309280396e-01
1.223544031381607056e-01
1.052149087190628052e-01
9.531045705080032349e-02
1.027602031826972961e-01
7.353722304105758667e-02
6.159602850675582886e-02
5.272188037633895874e-02
3.581278026103973389e-02
4.933664202690124512e-02
4.715129733085632324e-02
3.760462999343872070e-02
5.922217667102813721e-02
4.753495007753372192e-02
3.300450742244720459e-02
3.354839235544204712e-02
3.857153654098510742e-02
3.078720904886722565e-02
3.556935489177703857e-02
9.852027520537376404e-03
2.206010185182094574e-02
2.581579051911830902e-02
2.583886869251728058e-02
4.064825922250747681e-02
2.260278724133968353e-02
5.387629568576812744e-02
4.905637353658676147e-02
7.517814636230468750e-02
1.033674702048301697e-01
1.245812177658081055e-01
7.335786223411560059e-01
9.432791471481323242e-01
8.825276494026184082e-01
8.530759811401367188e-01
5.590373873710632324e-01
2.392258346080780029e-01
1.562493294477462769e-01
1.766758859157562256e-01
1.849794089794158936e-01
1.872713714838027954e-01
1.802206337451934814e-01
3.154111504554748535e-01
8.241434097290039062e-01
9.704163670539855957e-01
8.895387053489685059e-01
8.803019523620605469e-01
5.431451797485351562e-01
2.297109514474868774e-01
1.448104530572891235e-01
1.393174529075622559e-01
1.453228592872619629e-01
1.480292230844497681e-01
1.313866674900054932e-01
2.735963761806488037e-01
8.300276994705200195e-01
9.208238124847412109e-01
8.908278942108154297e-01
8.745521306991577148e-01
5.401863455772399902e-01
2.026061713695526123e-01
1.549192816019058228e-01
1.381305307149887085e-01
1.532034873962402344e-01
1.348034888505935669e-01
1.323891431093215942e-01
2.242671847343444824e-01
8.008627295494079590e-01
9.541598558425903320e-01
9.376958608627319336e-01
9.204184412956237793e-01
5.810328722000122070e-01
1.892751753330230713e-01
1.488338410854339600e-01
1.362943351268768311e-01
1.345448195934295654e-01
1.242347508668899536e-01
1.201443672180175781e-01
2.791563868522644043e-01
7.390114665031433105e-01
9.036016464233398438e-01
8.591530323028564453e-01
8.167203068733215332e-01
4.952037930488586426e-01
1.455812454223632812e-01
1.309089511632919312e-01
1.062226369976997375e-01
1.099798604846000671e-01
8.377943187952041626e-02
7.534204423427581787e-02
9.275911003351211548e-02
1.273069381713867188e-01
8.516480773687362671e-02
6.905140727758407593e-02
8.681920915842056274e-02
7.425070554018020630e-02
7.032340764999389648e-02
6.032558530569076538e-02
8.115513622760772705e-02
8.641819655895233154e-02
6.872604042291641235e-02
7.169673591852188110e-02
5.629646778106689453e-02
6.142197549343109131e-02
6.110015511512756348e-02
7.860834151506423950e-02
5.282639712095260620e-02
6.189683079719543457e-02
8.730005472898483276e-02
6.729196012020111084e-02
6.223412603139877319e-02
6.716003268957138062e-02
7.843273133039474487e-02
1.016656979918479919e-01
1.193180978298187256e-01
7.251254320144653320e-01
8.082801103591918945e-01
8.311389684677124023e-01
7.797228693962097168e-01
5.582684278488159180e-01
2.755877077579498291e-01
1.745476722717285156e-01
1.693423390388488770e-01
1.631528288125991821e-01
1.671528071165084839e-01
2.049909085035324097e-01
2.904419898986816406e-01
7.136670351028442383e-01
9.156581163406372070e-01
8.773897886276245117e-01
7.817287445068359375e-01
4.885494709014892578e-01
1.524681001901626587e-01
1.173823326826095581e-01
1.117900907993316650e-01
1.262290477752685547e-01
1.330081969499588013e-01
9.659455716609954834e-02
2.745245099067687988e-01
7.618728876113891602e-01
9.411672353744506836e-01
9.319785237312316895e-01
8.509567379951477051e-01
5.104891657829284668e-01
2.814184427261352539e-01
1.756064742803573608e-01
1.336932331323623657e-01
1.516591310501098633e-01
1.752073913812637329e-01
1.732575744390487671e-01
3.186562955379486084e-01
8.717790246009826660e-01
9.896284341812133789e-01
9.516659975051879883e-01
8.570162057876586914e-01
5.316152572631835938e-01
2.079464644193649292e-01
1.483222395181655884e-01
1.346228867769241333e-01
1.318662017583847046e-01
1.046554371714591980e-01
1.009010002017021179e-01
2.433640360832214355e-01
7.900986671447753906e-01
8.754903674125671387e-01
8.293045759201049805e-01
8.276245594024658203e-01
5.253626704216003418e-01
1.689850389957427979e-01
1.303729116916656494e-01
1.168416887521743774e-01
8.157926797866821289e-02
7.739219814538955688e-02
7.870656251907348633e-02
7.948263734579086304e-02
4.342328011989593506e-02
6.359411776065826416e-02
8.929706364870071411e-02
3.938847035169601440e-02
5.360126495361328125e-02
4.375641793012619019e-02
5.427087843418121338e-02
4.884718358516693115e-02
3.829082846641540527e-02
2.386961318552494049e-02
2.727927081286907196e-02
2.620308287441730499e-02
3.276620060205459595e-02
1.435871981084346771e-02
4.358028620481491089e-02
7.064277678728103638e-02
3.421408683061599731e-02
3.336668759584426880e-02
4.783260077238082886e-02
6.104781478643417358e-02
6.584140658378601074e-02
1.543224155902862549e-01
1.507159471511840820e-01
1.485637873411178589e-01
7.403401136398315430e-01
9.013544917106628418e-01
8.886772394180297852e-01
8.249219059944152832e-01
5.485842823982238770e-01
2.178018391132354736e-01
1.638228595256805420e-01
1.626108437776565552e-01
1.513370871543884277e-01
1.399608701467514038e-01
1.313791424036026001e-01
2.994526922702789307e-01
8.448982238769531250e-01
9.357260465621948242e-01
8.949492573738098145e-01
8.185545802116394043e-01
5.376233458518981934e-01
2.113160640001296997e-01
1.640881299972534180e-01
1.504856199026107788e-01
1.549274474382400513e-01
1.651693880558013916e-01
1.577412635087966919e-01
2.647714316844940186e-01
7.961442470550537109e-01
9.116547107696533203e-01
8.861687183380126953e-01
8.632703423500061035e-01
4.913890957832336426e-01
2.265289425849914551e-01
1.703248471021652222e-01
1.795436590909957886e-01
1.495557278394699097e-01
1.416757106781005859e-01
1.315559595823287964e-01
2.976426184177398682e-01
8.149592280387878418e-01
9.701286554336547852e-01
9.270004630088806152e-01
9.005395770072937012e-01
5.874916911125183105e-01
2.394737005233764648e-01
1.573256850242614746e-01
1.424176841974258423e-01
1.574807167053222656e-01
1.668531149625778198e-01
1.622269302606582642e-01
2.935281991958618164e-01
7.923800349235534668e-01
9.757298231124877930e-01
9.343331456184387207e-01
8.541463613510131836e-01
5.458180904388427734e-01
1.652932316064834595e-01
1.148834377527236938e-01
1.651200354099273682e-01
1.228213012218475342e-01
1.070671007037162781e-01
9.330550581216812134e-02
1.068903580307960510e-01
9.816704690456390381e-02
6.370103359222412109e-02
-2.259816229343414307e-02
8.352469652891159058e-02
4.429003596305847168e-02
6.262541562318801880e-02
7.277173548936843872e-02
6.870979815721511841e-02
8.597892522811889648e-02
9.656646102666854858e-02
5.995158106088638306e-02
4.310797154903411865e-02
5.013728141784667969e-02
4.999843239784240723e-02
4.260434210300445557e-02
5.154734104871749878e-02
4.706277698278427124e-02
5.488075315952301025e-02
8.588503301143646240e-02
5.943239480257034302e-02
4.785415530204772949e-02
1.379923671483993530e-01
1.842192709445953369e-01
2.017795443534851074e-01
7.478288412094116211e-01
9.702368974685668945e-01
9.230504631996154785e-01
9.122117757797241211e-01
5.833958387374877930e-01
2.737906873226165771e-01
2.141592353582382202e-01
1.536464244127273560e-01
1.709570884704589844e-01
1.471777558326721191e-01
1.728844940662384033e-01
3.308223485946655273e-01
8.383064866065979004e-01
9.356746673583984375e-01
8.965296745300292969e-01
8.916708230972290039e-01
5.555754303932189941e-01
2.253629416227340698e-01
1.517338007688522339e-01
1.330241411924362183e-01
1.421475857496261597e-01
1.221389174461364746e-01
1.069737300276756287e-01
2.698326110839843750e-01
7.761049270629882812e-01
9.473168253898620605e-01
8.997005820274353027e-01
8.506520390510559082e-01
4.913786649703979492e-01
2.070471346378326416e-01
1.465025544166564941e-01
1.329863518476486206e-01
1.239472031593322754e-01
1.126060187816619873e-01
1.093365028500556946e-01
2.645368278026580811e-01
8.147284984588623047e-01
9.770555496215820312e-01
9.481597542762756348e-01
8.407621383666992188e-01
5.182598829269409180e-01
2.108127474784851074e-01
1.473240107297897339e-01
1.275515854358673096e-01
1.295520812273025513e-01
1.117607355117797852e-01
1.053928956389427185e-01
2.294092476367950439e-01
8.135548233985900879e-01
9.512489438056945801e-01
8.935128450393676758e-01
8.465926647186279297e-01
4.823635518550872803e-01
1.734839230775833130e-01
1.310341954231262207e-01
9.725678712129592896e-02
9.394124895334243774e-02
9.558825194835662842e-02
7.821945846080780029e-02
1.158356815576553345e-01
5.497960001230239868e-02
6.711847335100173950e-02
6.571587175130844116e-02
5.532331764698028564e-02
6.611272692680358887e-02
5.167722702026367188e-02
4.892165958881378174e-02
3.130995482206344604e-02
3.589297831058502197e-02
2.696927823126316071e-02
2.850812114775180817e-02
2.625797130167484283e-02
3.067959286272525787e-02
3.721791505813598633e-02
3.819358348846435547e-02
2.589410729706287384e-02
3.156036883592605591e-02
5.084680765867233276e-02
4.162500798702239990e-02
2.199381403625011444e-02
6.138040870428085327e-02
3.683690726757049561e-02
4.889713972806930542e-02
7.519916445016860962e-02
6.939516663551330566e-01
8.773857355117797852e-01
9.121605157852172852e-01
8.494288921356201172e-01
5.421395301818847656e-01
2.274986505508422852e-01
1.770796030759811401e-01
1.548463404178619385e-01
1.560660600662231445e-01
1.556290239095687866e-01
1.660481393337249756e-01
3.241740167140960693e-01
8.432101011276245117e-01
9.463665485382080078e-01
8.913771510124206543e-01
8.024833798408508301e-01
5.095469951629638672e-01
1.910545527935028076e-01
1.395960450172424316e-01
1.307380646467208862e-01
1.336092501878738403e-01
1.432072222232818604e-01
1.356748342514038086e-01
1.981878876686096191e-01
7.217167615890502930e-01
8.622049093246459961e-01
8.200283646583557129e-01
7.896076440811157227e-01
5.213313102722167969e-01
2.326658368110656738e-01
1.517953872680664062e-01
1.359216570854187012e-01
1.599595993757247925e-01
1.554410904645919800e-01
1.759679317474365234e-01
3.451386094093322754e-01
8.281587362289428711e-01
9.893246889114379883e-01
9.178569912910461426e-01
8.964634537696838379e-01
5.939654707908630371e-01
2.473276853561401367e-01
1.735026538372039795e-01
1.561613827943801880e-01
1.629252284765243530e-01
2.082311809062957764e-01
1.803837120532989502e-01
3.179500102996826172e-01
7.785984873771667480e-01
8.860743641853332520e-01
8.614373803138732910e-01
8.227490782737731934e-01
4.936955571174621582e-01
1.522172987461090088e-01
1.062046363949775696e-01
7.052674889564514160e-02
6.420409679412841797e-02
6.666511297225952148e-02
7.754611223936080933e-02
9.902898967266082764e-02
5.661718547344207764e-02
3.162528574466705322e-02
2.942001260817050934e-02
3.602910786867141724e-02
4.369182884693145752e-02
4.993005841970443726e-02
4.766219854354858398e-02
4.275038093328475952e-02
2.566359750926494598e-02
1.812942326068878174e-02
2.754792757332324982e-02
3.055679611861705780e-02
3.038362227380275726e-02
4.436901211738586426e-02
4.282023012638092041e-02
5.978144705295562744e-02
3.506331145763397217e-02
4.018737375736236572e-02
3.937287628650665283e-02
3.092684037983417511e-02
4.239441454410552979e-02
1.341207623481750488e-01
1.239989846944808960e-01
2.185461968183517456e-01
7.059466242790222168e-01
9.349004626274108887e-01
9.308716058731079102e-01
8.798266053199768066e-01
5.646735429763793945e-01
2.312406003475189209e-01
1.897030323743820190e-01
1.867987215518951416e-01
1.927856504917144775e-01
2.120847105979919434e-01
1.999580562114715576e-01
3.384730815887451172e-01
8.328718543052673340e-01
9.498096108436584473e-01
9.102517366409301758e-01
8.434554934501647949e-01
5.580852627754211426e-01
2.723129689693450928e-01
1.826589256525039673e-01
2.249667644500732422e-01
2.410552501678466797e-01
2.165337204933166504e-01
2.050812244415283203e-01
3.760875463485717773e-01
8.301240205764770508e-01
9.512983560562133789e-01
9.334496259689331055e-01
8.645328879356384277e-01
5.677869915962219238e-01
2.765716612339019775e-01
2.101560086011886597e-01
1.998170912265777588e-01
1.964997947216033936e-01
1.982135027647018433e-01
2.123585343360900879e-01
3.423822820186614990e-01
8.544951677322387695e-01
9.290952086448669434e-01
9.223282933235168457e-01
8.679636120796203613e-01
5.555287003517150879e-01
2.478055953979492188e-01
2.024495303630828857e-01
2.014093250036239624e-01
2.093452364206314087e-01
1.915485262870788574e-01
2.049905061721801758e-01
3.529166579246520996e-01
7.938874363899230957e-01
9.277032613754272461e-01
9.100337028503417969e-01
7.917200922966003418e-01
5.139322280883789062e-01
2.093537449836730957e-01
1.345502287149429321e-01
1.262003034353256226e-01
1.032674759626388550e-01
1.019189283251762390e-01
1.045643761754035950e-01
7.848807424306869507e-02
9.259542822837829590e-02
8.097521215677261353e-02
7.384476065635681152e-02
4.635636508464813232e-02
5.305919796228408813e-02
5.057206749916076660e-02
3.326456248760223389e-02
4.475817084312438965e-02
3.674924373626708984e-02
3.260893374681472778e-02
3.044367767870426178e-02
1.930915378034114838e-02
3.566152602434158325e-02
3.555875271558761597e-02
3.364962339401245117e-02
3.770594298839569092e-02
3.354109823703765869e-02
6.399317830801010132e-02
4.257606714963912964e-02
4.354267567396163940e-02
7.051448523998260498e-02
8.537384867668151855e-02
4.731791466474533081e-02
8.222451806068420410e-02
7.132189869880676270e-01
7.818568944931030273e-01
7.731767296791076660e-01
7.195429205894470215e-01
4.983763098716735840e-01
1.627152115106582642e-01
1.310002207756042480e-01
1.029728725552558899e-01
9.851682931184768677e-02
9.245057404041290283e-02
1.255569607019424438e-01
2.385441660881042480e-01
7.154734730720520020e-01
8.511822223663330078e-01
8.274579644203186035e-01
7.974498271942138672e-01
5.176400542259216309e-01
2.094466239213943481e-01
1.630079150199890137e-01
1.712043881416320801e-01
1.712830364704132080e-01
1.761251837015151978e-01
1.738674193620681763e-01
3.291508853435516357e-01
8.203303217887878418e-01
9.688274860382080078e-01
9.482554793357849121e-01
8.723111748695373535e-01
5.674107670783996582e-01
2.140980809926986694e-01
1.513358205556869507e-01
1.291854828596115112e-01
1.393771320581436157e-01
1.261597424745559692e-01
1.051603555679321289e-01
2.931976616382598877e-01
7.429501414299011230e-01
8.267719149589538574e-01
8.165021538734436035e-01
8.253709077835083008e-01
5.076176524162292480e-01
2.013712823390960693e-01
1.359793692827224731e-01
1.223794668912887573e-01
1.338532119989395142e-01
1.364042162895202637e-01
1.321274638175964355e-01
1.896222978830337524e-01
7.728160023689270020e-01
9.279718399047851562e-01
8.537385463714599609e-01
8.270863294601440430e-01
5.205445289611816406e-01
1.659841239452362061e-01
1.163037419319152832e-01
1.437914073467254639e-01
1.555366069078445435e-01
1.473843455314636230e-01
1.506018489599227905e-01
1.253113746643066406e-01
1.277386099100112915e-01
9.938454627990722656e-02
9.105771034955978394e-02
7.789180427789688110e-02
6.916463375091552734e-02
8.361496031284332275e-02
7.868290692567825317e-02
1.013348847627639771e-01
9.070235490798950195e-02
8.495008945465087891e-02
7.939117401838302612e-02
6.835076212882995605e-02
5.979523062705993652e-02
6.654943525791168213e-02
5.745281279087066650e-02
5.970658361911773682e-02
8.584904670715332031e-02
8.370856195688247681e-02
8.591888844966888428e-02
8.952211588621139526e-02
1.096810922026634216e-01
7.529641687870025635e-02
9.294009953737258911e-02
9.712541103363037109e-02
7.377330660820007324e-01
8.960630893707275391e-01
9.219719767570495605e-01
8.408592939376831055e-01
5.477426052093505859e-01
2.252704203128814697e-01
1.481061428785324097e-01
1.078368648886680603e-01
1.043132692575454712e-01
1.028105616569519043e-01
1.664462983608245850e-01
2.729885876178741455e-01
8.186438083648681641e-01
9.387709498405456543e-01
8.744044899940490723e-01
8.182976245880126953e-01
5.060681700706481934e-01
1.914225071668624878e-01
1.212819367647171021e-01
1.237514168024063110e-01
1.300548464059829712e-01
1.106028631329536438e-01
8.645509928464889526e-02
2.084798514842987061e-01
8.071825504302978516e-01
9.346522688865661621e-01
8.917977809906005859e-01
8.443367481231689453e-01
5.178760290145874023e-01
1.925048232078552246e-01
1.231837570667266846e-01
1.154080629348754883e-01
1.294450908899307251e-01
1.519933491945266724e-01
1.679489761590957642e-01
2.163172513246536255e-01
7.722156643867492676e-01
9.696634411811828613e-01
8.829311728477478027e-01
8.468595147132873535e-01
5.046178102493286133e-01
1.920993477106094360e-01
1.540428549051284790e-01
1.419756412506103516e-01
1.117069199681282043e-01
9.517874568700790405e-02
8.467631787061691284e-02
3.057989478111267090e-01
7.895494699478149414e-01
9.538298845291137695e-01
8.369580507278442383e-01
8.838323354721069336e-01
5.297784209251403809e-01
1.896567195653915405e-01
1.510989218950271606e-01
1.262750774621963501e-01
9.716745465993881226e-02
8.095599710941314697e-02
8.031734079122543335e-02
7.955454289913177490e-02
9.375578910112380981e-02
6.325481832027435303e-02
5.752182751893997192e-02
2.299566008150577545e-02
2.443375252187252045e-02
3.822762519121170044e-02
3.547590970993041992e-02
6.404648721218109131e-02
3.496632725000381470e-02
2.865244261920452118e-02
2.993304841220378876e-02
3.774157166481018066e-02
3.810252994298934937e-02
1.586952991783618927e-02
5.464500933885574341e-02
4.388699680566787720e-02
5.382405221462249756e-02
6.623873859643936157e-02
5.476292967796325684e-02
4.055023938417434692e-02
5.408214032649993896e-02
7.485376298427581787e-02
1.197435259819030762e-01
2.381966412067413330e-01
7.059520483016967773e-01
8.862882852554321289e-01
8.624112606048583984e-01
8.361128568649291992e-01
5.426350831985473633e-01
2.202415913343429565e-01
1.651018559932708740e-01
1.533485502004623413e-01
1.633363366127014160e-01
1.468034684658050537e-01
1.858184337615966797e-01
3.315675854682922363e-01
8.036924600601196289e-01
9.377223253250122070e-01
8.977528810501098633e-01
8.576396703720092773e-01
5.420262217521667480e-01
2.187982052564620972e-01
1.729121655225753784e-01
1.817101687192916870e-01
2.393369078636169434e-01
2.156097590923309326e-01
1.787633001804351807e-01
3.479969501495361328e-01
8.285353779792785645e-01
9.284130334854125977e-01
8.915419578552246094e-01
8.927580118179321289e-01
5.560953617095947266e-01
2.828308641910552979e-01
1.755923181772232056e-01
1.418366581201553345e-01
1.520687341690063477e-01
1.542627513408660889e-01
1.803248226642608643e-01
3.312670588493347168e-01
8.496044874191284180e-01
9.927747249603271484e-01
9.228582382202148438e-01
9.220077991485595703e-01
5.580049157142639160e-01
2.730621099472045898e-01
1.638323515653610229e-01
1.804542243480682373e-01
1.893494725227355957e-01
1.670085340738296509e-01
1.669723540544509888e-01
3.141479194164276123e-01
8.175920844078063965e-01
8.941442370414733887e-01
8.777390122413635254e-01
7.780290842056274414e-01
4.916278719902038574e-01
1.628033816814422607e-01
1.232213377952575684e-01
1.081486493349075317e-01
9.545749425888061523e-02
9.817519783973693848e-02
8.822231739759445190e-02
8.220489323139190674e-02
6.859149783849716187e-02
5.224993079900741577e-02
5.183266848325729370e-02
4.471085965633392334e-02
4.101480543613433838e-02
5.575776100158691406e-02
4.880977421998977661e-02
4.654400795698165894e-02
2.672470919787883759e-02
2.540302462875843048e-02
1.843982748687267303e-02
3.082328848540782928e-02
2.608671970665454865e-02
2.434680424630641937e-02
3.446026891469955444e-02
1.819587685167789459e-02
2.935704402625560760e-02
3.239811956882476807e-02
2.428120188415050507e-02
4.280618578195571899e-02
5.269671231508255005e-02
3.967140614986419678e-02
5.500799417495727539e-02
1.090616360306739807e-01
7.211279273033142090e-01
9.460418820381164551e-01
8.702402710914611816e-01
8.443229198455810547e-01
5.313316583633422852e-01
2.370898425579071045e-01
1.594414561986923218e-01
1.570260971784591675e-01
1.868095695972442627e-01
1.883506476879119873e-01
1.810320019721984863e-01
3.314021229743957520e-01
8.449389934539794922e-01
9.515400528907775879e-01
9.078000187873840332e-01
8.242904543876647949e-01
5.394968986511230469e-01
1.942844688892364502e-01
1.335530877113342285e-01
9.862060844898223877e-02
1.098595336079597473e-01
1.080488711595535278e-01
7.981857657432556152e-02
2.665672302246093750e-01
7.677263617515563965e-01
9.081438779830932617e-01
8.711212873458862305e-01
8.051259517669677734e-01
5.196670889854431152e-01
1.825836896896362305e-01
1.425356566905975342e-01
1.452282220125198364e-01
1.059512048959732056e-01
1.202945709228515625e-01
9.801558405160903931e-02
2.985966503620147705e-01
8.457242846488952637e-01
9.345512986183166504e-01
9.324272274971008301e-01
8.327465057373046875e-01
5.097316503524780273e-01
1.937147676944732666e-01
1.151009947061538696e-01
1.066449061036109924e-01
9.080978482961654663e-02
8.308111876249313354e-02
7.664652913808822632e-02
2.794072031974792480e-01
7.605679631233215332e-01
9.162167310714721680e-01
8.403429388999938965e-01
7.726905941963195801e-01
4.784842431545257568e-01
1.767825931310653687e-01
1.292522400617599487e-01
1.193139404058456421e-01
1.016004681587219238e-01
8.374840766191482544e-02
7.449699193239212036e-02
9.726570546627044678e-02
7.237109541893005371e-02
7.832928001880645752e-02
5.966943502426147461e-02
8.051478862762451172e-02
6.032405048608779907e-02
5.174661427736282349e-02
5.391566455364227295e-02
5.225478857755661011e-02
5.580586940050125122e-02
3.319279849529266357e-02
2.878166921436786652e-02
2.906687371432781219e-02
2.375756017863750458e-02
3.590775281190872192e-02
2.646902389824390411e-02
3.314959257841110229e-02
2.651723660528659821e-02
1.961765997111797333e-02
4.126057773828506470e-02
4.786220192909240723e-02
7.437258958816528320e-02
4.160843044519424438e-02
2.628008089959621429e-02
6.079652160406112671e-02
7.184910178184509277e-01
9.006597399711608887e-01
8.670354485511779785e-01
8.206148743629455566e-01
5.219475030899047852e-01
1.583610773086547852e-01
1.333217769861221313e-01
1.417026221752166748e-01
1.139828562736511230e-01
9.013967961072921753e-02
1.080591678619384766e-01
2.337468564510345459e-01
7.675718069076538086e-01
9.316929578781127930e-01
8.620051145553588867e-01
7.915880084037780762e-01
5.010311007499694824e-01
1.814244985580444336e-01
1.327017694711685181e-01
1.343268901109695435e-01
1.234734505414962769e-01
1.243405193090438843e-01
1.384731680154800415e-01
2.401300072669982910e-01
7.919098734855651855e-01
9.562687277793884277e-01
9.282466173171997070e-01
8.747274279594421387e-01
5.461708903312683105e-01
1.974136382341384888e-01
1.433597207069396973e-01
1.644603759050369263e-01
1.389077305793762207e-01
1.499013453722000122e-01
1.268526166677474976e-01
2.698107361793518066e-01
7.437039613723754883e-01
8.567768931388854980e-01
9.006154537200927734e-01
8.683042526245117188e-01
5.010648369789123535e-01
1.848534941673278809e-01
1.333669871091842651e-01
1.209923923015594482e-01
1.020495295524597168e-01
9.386489540338516235e-02
8.105167001485824585e-02
2.706905007362365723e-01
7.276395559310913086e-01
8.713409304618835449e-01
8.455823063850402832e-01
8.020193576812744141e-01
4.583041369915008545e-01
1.768079996109008789e-01
1.293439716100692749e-01
1.172389984130859375e-01
1.138129234313964844e-01
1.045848503708839417e-01
8.960825204849243164e-02
7.456663250923156738e-02
5.038622766733169556e-02
5.441182851791381836e-02
7.502387464046478271e-02
5.387330800294876099e-02
6.589252501726150513e-02
7.835868000984191895e-02
4.499372839927673340e-02
6.793999671936035156e-02
5.922620743513107300e-02
5.444695800542831421e-02
3.654919564723968506e-02
3.376542776823043823e-02
3.400155901908874512e-02
2.495879866182804108e-02
3.465203195810317993e-02
3.420513868331909180e-02
4.119908809661865234e-02
6.763920187950134277e-02
9.567708522081375122e-02
8.424386382102966309e-02
6.992176920175552368e-02
4.592392593622207642e-02
6.201104819774627686e-02
6.877369433641433716e-02
7.030388712882995605e-01
7.716776132583618164e-01
7.873330712318420410e-01
7.702544927597045898e-01
5.195916295051574707e-01
1.962712258100509644e-01
1.390091031789779663e-01
1.464009732007980347e-01
1.225818544626235962e-01
1.029394716024398804e-01
1.117996498942375183e-01
2.502855360507965088e-01
7.730885744094848633e-01
9.515430927276611328e-01
9.361507892608642578e-01
8.596437573432922363e-01
5.557583570480346680e-01
2.092594802379608154e-01
1.617959141731262207e-01
1.459703743457794189e-01
1.857947409152984619e-01
1.886198520660400391e-01
1.556245833635330200e-01
2.703074514865875244e-01
7.867537736892700195e-01
9.139503836631774902e-01
8.604887723922729492e-01
7.736808657646179199e-01
5.130713582038879395e-01
2.230300009250640869e-01
1.735474765300750732e-01
1.384773105382919312e-01
1.287410408258438110e-01
1.113817319273948669e-01
1.034622564911842346e-01
3.011441230773925781e-01
7.812532186508178711e-01
9.027355313301086426e-01
8.529052734375000000e-01
8.293456435203552246e-01
5.022128224372863770e-01
1.714545041322708130e-01
1.219578981399536133e-01
1.095341220498085022e-01
9.777803719043731689e-02
8.594897389411926270e-02
6.700257211923599243e-02
1.213583350181579590e-01
7.377344965934753418e-01
8.682729601860046387e-01
7.950758934020996094e-01
7.529003024101257324e-01
4.531350731849670410e-01
1.694988906383514404e-01
1.178745627403259277e-01
1.220736354589462280e-01
1.040385812520980835e-01
9.740135818719863892e-02
9.192862361669540405e-02
7.062248885631561279e-02
6.635466217994689941e-02
7.792726904153823853e-02
7.785580307245254517e-02
6.415562331676483154e-02
6.822772324085235596e-02
5.674391984939575195e-02
7.259421050548553467e-02
7.836062461137771606e-02
7.487829029560089111e-02
4.781734943389892578e-02
4.077869653701782227e-02
4.591739177703857422e-02
5.206675827503204346e-02
8.091598749160766602e-02
9.934434294700622559e-02
1.051971986889839172e-01
1.006409376859664917e-01
9.510924667119979858e-02
1.212858557701110840e-01
1.419305950403213501e-01
1.367377936840057373e-01
1.448349803686141968e-01
1.534987837076187134e-01
1.762976944446563721e-01
6.644542813301086426e-01
8.462752699851989746e-01
8.966675400733947754e-01
9.078536629676818848e-01
6.140440702438354492e-01
3.221200406551361084e-01
2.767456769943237305e-01
2.799389958381652832e-01
2.595138549804687500e-01
2.574934363365173340e-01
2.801491618156433105e-01
3.773761689662933350e-01
8.199158906936645508e-01
9.612244367599487305e-01
9.324467182159423828e-01
8.977483510971069336e-01
6.101080179214477539e-01
2.885278165340423584e-01
1.893631517887115479e-01
1.903015375137329102e-01
1.682785302400588989e-01
1.707835048437118530e-01
1.725459694862365723e-01
3.348526954650878906e-01
8.086227774620056152e-01
8.955460190773010254e-01
8.811342120170593262e-01
8.849899172782897949e-01
5.474672913551330566e-01
2.551131248474121094e-01
1.988243162631988525e-01
2.060022801160812378e-01
2.028507888317108154e-01
1.775789707899093628e-01
1.886868029832839966e-01
3.380750119686126709e-01
8.185335993766784668e-01
9.526902437210083008e-01
9.268431663513183594e-01
8.932232856750488281e-01
5.964887738227844238e-01
2.317224591970443726e-01
1.746732592582702637e-01
2.062075436115264893e-01
1.924185603857040405e-01
1.723272353410720825e-01
2.057192474603652954e-01
3.095694780349731445e-01
7.906681299209594727e-01
8.988931775093078613e-01
8.493506908416748047e-01
7.808591127395629883e-01
5.289480090141296387e-01
2.358655929565429688e-01
1.683301925659179688e-01
2.135471254587173462e-01
1.584134101867675781e-01
1.602715700864791870e-01
1.862336546182632446e-01
2.426728010177612305e-01
1.494484245777130127e-01
7.402519881725311279e-02
6.638103723526000977e-02
6.945455074310302734e-02
6.826893240213394165e-02
8.005173504352569580e-02
6.573665142059326172e-02
6.701681017875671387e-02
5.945946276187896729e-02
5.090696364641189575e-02
2.980686537921428680e-02
4.321049153804779053e-02
5.502916872501373291e-02
5.097652226686477661e-02
5.786997824907302856e-02
6.443782150745391846e-02
8.134346455335617065e-02
4.112219065427780151e-02
3.127501904964447021e-02
8.872523158788681030e-02
9.023545682430267334e-02
7.964973151683807373e-02
6.169651448726654053e-02
9.960094094276428223e-02
6.166648268699645996e-01
8.744275569915771484e-01
8.188177943229675293e-01
8.238795399665832520e-01
5.425826311111450195e-01
2.140479236841201782e-01
1.235661208629608154e-01
1.526899188756942749e-01
1.323695480823516846e-01
1.296951770782470703e-01
1.242834776639938354e-01
2.213016152381896973e-01
7.517247796058654785e-01
8.847551941871643066e-01
8.333329558372497559e-01
8.671286106109619141e-01
5.768675208091735840e-01
2.361398339271545410e-01
1.737825572490692139e-01
2.008123844861984253e-01
1.900337487459182739e-01
1.800753325223922729e-01
1.464727818965911865e-01
2.623043060302734375e-01
8.154929876327514648e-01
9.232151508331298828e-01
8.503974080085754395e-01
8.528863787651062012e-01
5.318563580513000488e-01
2.263108044862747192e-01
1.537640243768692017e-01
1.249139308929443359e-01
1.161666065454483032e-01
1.284114271402359009e-01
1.141202896833419800e-01
2.099336832761764526e-01
7.623310685157775879e-01
9.383743405342102051e-01
9.232530593872070312e-01
8.813432455062866211e-01
5.235053896903991699e-01
1.976262927055358887e-01
1.502696424722671509e-01
2.006912529468536377e-01
1.799242049455642700e-01
1.795771569013595581e-01
1.891342997550964355e-01
2.945322096347808838e-01
8.337811827659606934e-01
8.933297991752624512e-01
9.300461411476135254e-01
8.162797689437866211e-01
5.318284630775451660e-01
2.015905678272247314e-01
1.463271975517272949e-01
1.372997164726257324e-01
1.053544580936431885e-01
9.201890975236892700e-02
1.319133341312408447e-01
8.488581329584121704e-02
8.646337687969207764e-02
6.130302697420120239e-02
1.001914814114570618e-01
6.614925712347030640e-02
5.784951895475387573e-02
5.588559806346893311e-02
9.616322815418243408e-02
7.598865032196044922e-02
8.619119226932525635e-02
7.365559041500091553e-02
5.808399617671966553e-02
7.024186104536056519e-02
6.326518952846527100e-02
6.609622389078140259e-02
9.036876261234283447e-02
7.038863748311996460e-02
8.778414130210876465e-02
7.166122645139694214e-02
7.330447435379028320e-02
7.796471565961837769e-02
1.408156454563140869e-01
1.331460028886795044e-01
1.240602433681488037e-01
2.069270610809326172e-01
7.657318115234375000e-01
9.047335386276245117e-01
8.937392234802246094e-01
9.076504707336425781e-01
5.729629397392272949e-01
2.431238293647766113e-01
1.948491483926773071e-01
1.699664741754531860e-01
1.614253073930740356e-01
1.650355011224746704e-01
2.016459703445434570e-01
3.094816207885742188e-01
8.376021981239318848e-01
9.753436446189880371e-01
9.181478619575500488e-01
8.637440204620361328e-01
5.480867624282836914e-01
2.506863474845886230e-01
2.320574522018432617e-01
2.660527825355529785e-01
2.459198534488677979e-01
2.462205588817596436e-01
2.319911271333694458e-01
3.180341720581054688e-01
8.258922696113586426e-01
9.468764066696166992e-01
9.132428169250488281e-01
9.280362725257873535e-01
6.142338514328002930e-01
3.654960095882415771e-01
2.228652685880661011e-01
2.542017698287963867e-01
2.652219235897064209e-01
2.346043884754180908e-01
2.462049722671508789e-01
3.800546526908874512e-01
8.009182214736938477e-01
8.818229436874389648e-01
8.829327225685119629e-01
8.615703582763671875e-01
5.521719455718994141e-01
2.405245006084442139e-01
1.714870929718017578e-01
1.611313372850418091e-01
1.691241562366485596e-01
1.152344048023223877e-01
1.366014033555984497e-01
3.248942792415618896e-01
7.679840922355651855e-01
9.621295332908630371e-01
8.868502378463745117e-01
8.155934810638427734e-01
5.389627218246459961e-01
2.025033235549926758e-01
1.516593694686889648e-01
1.314599812030792236e-01
1.384809911251068115e-01
1.641041785478591919e-01
1.219068169593811035e-01
1.286330670118331909e-01
1.683539897203445435e-01
1.371029019355773926e-01
1.172032505273818970e-01
1.072323843836784363e-01
1.089267283678054810e-01
1.093740016222000122e-01
8.071817457675933838e-02
8.343544602394104004e-02
6.048557907342910767e-02
4.875349253416061401e-02
4.405417293310165405e-02
5.001942813396453857e-02
4.670285433530807495e-02
4.308640211820602417e-02
4.757745563983917236e-02
3.594996780157089233e-02
3.301859647035598755e-02
3.015629760921001434e-02
3.905618935823440552e-02
4.983342438936233521e-02
6.003783643245697021e-02
5.084719508886337280e-02
8.609932661056518555e-02
1.545820534229278564e-01
6.119506955146789551e-01
7.893577218055725098e-01
8.100007176399230957e-01
8.305580615997314453e-01
5.342290997505187988e-01
2.966980040073394775e-01
2.076161503791809082e-01
2.268181145191192627e-01
2.636260390281677246e-01
2.305223345756530762e-01
2.525470554828643799e-01
3.246022164821624756e-01
8.184809684753417969e-01
8.947991132736206055e-01
8.832308053970336914e-01
8.161581158638000488e-01
5.767182707786560059e-01
2.644780576229095459e-01
2.417089045047760010e-01
2.221886217594146729e-01
2.512581646442413330e-01
2.434205710887908936e-01
2.144789546728134155e-01
3.593845069408416748e-01
8.129529356956481934e-01
9.528148174285888672e-01
9.366529583930969238e-01
8.688980340957641602e-01
6.276053190231323242e-01
2.662798464298248291e-01
1.838671267032623291e-01
1.728931516408920288e-01
1.719090640544891357e-01
1.612756252288818359e-01
1.562049537897109985e-01
2.903451323509216309e-01
7.738900184631347656e-01
9.048149585723876953e-01
8.411231637001037598e-01
8.247491717338562012e-01
5.360118150711059570e-01
2.352400124073028564e-01
1.827196478843688965e-01
1.589021682739257812e-01
1.523616015911102295e-01
1.582662910223007202e-01
1.599213629961013794e-01
2.891769707202911377e-01
7.859643101692199707e-01
9.635086655616760254e-01
9.174403548240661621e-01
8.043950200080871582e-01
5.041964054107666016e-01
1.668502241373062134e-01
1.246660947799682617e-01
1.626406759023666382e-01
1.333168894052505493e-01
1.243223547935485840e-01
9.660372883081436157e-02
7.373782992362976074e-02
6.225717812776565552e-02
7.404998689889907837e-02
5.886888504028320312e-02
6.895335763692855835e-02
6.446383893489837646e-02
6.139407306909561157e-02
6.478210538625717163e-02
6.902950257062911987e-02
6.872510164976119995e-02
5.873040854930877686e-02
4.423267394304275513e-02
2.502880804240703583e-02
3.499350696802139282e-02
5.982876569032669067e-02
4.413696378469467163e-02
3.711287677288055420e-02
6.178554147481918335e-02
4.078249633312225342e-02
6.907217949628829956e-02
7.132506370544433594e-02
6.401377916336059570e-02
5.706533044576644897e-02
6.587299704551696777e-02
5.599209666252136230e-02
7.095167636871337891e-01
8.252289295196533203e-01
8.182997107505798340e-01
7.668666839599609375e-01
5.310910344123840332e-01
2.307472079992294312e-01
1.711806207895278931e-01
2.208079695701599121e-01
1.887018233537673950e-01
1.947071552276611328e-01
2.073114216327667236e-01
3.464229106903076172e-01
8.174331188201904297e-01
9.666245579719543457e-01
9.457339644432067871e-01
8.631263971328735352e-01
5.801977515220642090e-01
2.637367546558380127e-01
1.604950875043869019e-01
1.498622447252273560e-01
1.412053108215332031e-01
1.482403725385665894e-01
1.500388830900192261e-01
3.201999366283416748e-01
7.694227099418640137e-01
8.949686884880065918e-01
8.129696249961853027e-01
8.537236452102661133e-01
5.378870368003845215e-01
2.305297553539276123e-01
1.619361191987991333e-01
1.586635857820510864e-01
1.657687127590179443e-01
1.526532322168350220e-01
1.596543639898300171e-01
2.872635126113891602e-01
7.850627899169921875e-01
8.752580285072326660e-01
8.950404524803161621e-01
8.464792966842651367e-01
4.807302355766296387e-01
1.668432801961898804e-01
1.221768856048583984e-01
1.395638883113861084e-01
1.336809694766998291e-01
1.144410967826843262e-01
9.920241683721542358e-02
2.570963501930236816e-01
7.075359821319580078e-01
8.377864360809326172e-01
7.776170969009399414e-01
7.020161151885986328e-01
4.242474138736724854e-01
1.518907099962234497e-01
1.221089214086532593e-01
9.819683432579040527e-02
9.384287148714065552e-02
7.423458248376846313e-02
9.770070016384124756e-02
7.563050091266632080e-02
9.408908337354660034e-02
8.062446117401123047e-02
7.543939352035522461e-02
6.526913493871688843e-02
6.722826510667800903e-02
6.352439522743225098e-02
4.892272502183914185e-02
5.216231942176818848e-02
4.664173722267150879e-02
4.767309129238128662e-02
3.442981094121932983e-02
3.878229856491088867e-02
2.887764386832714081e-02
5.309893190860748291e-02
3.885393589735031128e-02
6.413809955120086670e-02
3.379341959953308105e-02
3.381989896297454834e-02
4.416678845882415771e-02
6.004921346902847290e-02
1.060182526707649231e-01
1.032710969448089600e-01
1.910790055990219116e-01
9.004963934421539307e-02
7.005164623260498047e-01
8.753295540809631348e-01
7.741979360580444336e-01
7.535647749900817871e-01
4.722431600093841553e-01
2.127934396266937256e-01
1.588410586118698120e-01
1.460535973310470581e-01
1.252579391002655029e-01
1.246414631605148315e-01
1.357560455799102783e-01
2.351765632629394531e-01
7.310070991516113281e-01
9.121215939521789551e-01
8.473274707794189453e-01
8.229025602340698242e-01
5.532474517822265625e-01
1.933625340461730957e-01
1.472786813974380493e-01
1.309424489736557007e-01
1.248895674943923950e-01
1.248882412910461426e-01
1.190420091152191162e-01
2.957064807415008545e-01
8.033844828605651855e-01
9.304584860801696777e-01
9.645463824272155762e-01
8.262751102447509766e-01
5.362116694450378418e-01
1.978770643472671509e-01
1.366419792175292969e-01
1.424864530563354492e-01
1.177254766225814819e-01
1.625894904136657715e-01
1.306585520505905151e-01
2.612600922584533691e-01
7.546768784523010254e-01
8.216093182563781738e-01
9.353643059730529785e-01
8.500353693962097168e-01
5.627498030662536621e-01
1.870400458574295044e-01
1.391115933656692505e-01
1.523686498403549194e-01
1.364382058382034302e-01
1.227249205112457275e-01
1.122111827135086060e-01
2.754392325878143311e-01
7.247142195701599121e-01
8.737798929214477539e-01
8.133929371833801270e-01
7.863139510154724121e-01
4.397767186164855957e-01
1.498335003852844238e-01
1.111507639288902283e-01
1.114447116851806641e-01
8.465763181447982788e-02
7.208341360092163086e-02
6.907728314399719238e-02
5.536910146474838257e-02
5.097403377294540405e-02
9.065362811088562012e-02
7.122003287076950073e-02
7.076026499271392822e-02
6.604990363121032715e-02
4.984407126903533936e-02
4.568128287792205811e-02
5.669678002595901489e-02
3.557219356298446655e-02
4.353133589029312134e-02
4.330854862928390503e-02
4.034071415662765503e-02
3.460707515478134155e-02
5.588027089834213257e-02
6.717298924922943115e-02
8.761088550090789795e-02
1.327103972434997559e-01
7.331335544586181641e-02
6.396501511335372925e-02
7.272878289222717285e-02
3.199846297502517700e-02
1.442901492118835449e-01
1.575941294431686401e-01
1.099293157458305359e-01
7.633524537086486816e-01
8.660900592803955078e-01
8.864755630493164062e-01
8.486472964286804199e-01
5.596705079078674316e-01
2.812951207160949707e-01
1.990142911672592163e-01
1.650725603103637695e-01
1.511301398277282715e-01
1.553736180067062378e-01
1.687454879283905029e-01
3.391639590263366699e-01
8.256750702857971191e-01
9.474080204963684082e-01
9.010871648788452148e-01
8.372301459312438965e-01
5.616793632507324219e-01
2.443647980690002441e-01
1.840430647134780884e-01
2.050435096025466919e-01
1.663460880517959595e-01
1.806213259696960449e-01
1.711880862712860107e-01
3.076960742473602295e-01
8.476566672325134277e-01
9.511083364486694336e-01
9.408678412437438965e-01
8.337280154228210449e-01
5.561712980270385742e-01
2.620818614959716797e-01
1.846216171979904175e-01
1.827802062034606934e-01
1.869700551033020020e-01
1.755452007055282593e-01
1.734991669654846191e-01
3.374095559120178223e-01
8.031994700431823730e-01
9.180243611335754395e-01
9.399991035461425781e-01
8.183009028434753418e-01
5.427953600883483887e-01
2.373210787773132324e-01
1.965820491313934326e-01
2.063020765781402588e-01
2.117083966732025146e-01
1.965515464544296265e-01
2.092846184968948364e-01
3.563575744628906250e-01
8.263779282569885254e-01
8.620381355285644531e-01
8.103938102722167969e-01
7.644519209861755371e-01
4.926647543907165527e-01
2.153879553079605103e-01
1.541304141283035278e-01
1.009965091943740845e-01
9.146523475646972656e-02
7.441728562116622925e-02
7.621487230062484741e-02
6.900136917829513550e-02
6.831950694322586060e-02
1.078113093972206116e-01
1.116859614849090576e-01
6.786179542541503906e-02
6.304973363876342773e-02
6.394508481025695801e-02
9.922806918621063232e-02
9.546951949596405029e-02
8.902810513973236084e-02
9.750767052173614502e-02
8.604846894741058350e-02
8.396132290363311768e-02
7.575646787881851196e-02
1.251075565814971924e-01
1.271122843027114868e-01
1.282968670129776001e-01
1.222389191389083862e-01
1.429181694984436035e-01
1.523752808570861816e-01
1.419946849346160889e-01
8.277186751365661621e-02
1.665742099285125732e-01
1.506411582231521606e-01
1.397667676210403442e-01
7.165337800979614258e-01
8.064358830451965332e-01
8.657730817794799805e-01
7.693299055099487305e-01
5.459516048431396484e-01
2.917061150074005127e-01
2.261912524700164795e-01
2.574522495269775391e-01
2.619785368442535400e-01
2.538453936576843262e-01
3.276511728763580322e-01
4.152668714523315430e-01
8.489502072334289551e-01
9.677030444145202637e-01
9.133835434913635254e-01
8.773781657218933105e-01
6.252151727676391602e-01
3.769993782043457031e-01
3.144419789314270020e-01
3.067900836467742920e-01
2.737242877483367920e-01
2.812616825103759766e-01
3.528521955013275146e-01
4.190540909767150879e-01
8.579466342926025391e-01
9.436913728713989258e-01
8.931328654289245605e-01
9.808659553527832031e-01
6.468205451965332031e-01
3.739298284053802490e-01
2.804231047630310059e-01
2.985885739326477051e-01
3.100792765617370605e-01
2.848900556564331055e-01
2.686471641063690186e-01
3.876233100891113281e-01
8.542760014533996582e-01
9.523575305938720703e-01
9.597107768058776855e-01
9.025811553001403809e-01
6.068138480186462402e-01
3.483714461326599121e-01
2.293160706758499146e-01
1.798703521490097046e-01
1.458347737789154053e-01
1.424073725938796997e-01
1.809110194444656372e-01
3.253130018711090088e-01
8.583894371986389160e-01
9.152981638908386230e-01
8.461750745773315430e-01
8.429861664772033691e-01
5.532490015029907227e-01
2.115691602230072021e-01
1.524661779403686523e-01
1.367037445306777954e-01
9.454917907714843750e-02
9.922257065773010254e-02
9.193642437458038330e-02
8.635800331830978394e-02
6.264463067054748535e-02
5.944950133562088013e-02
4.680977761745452881e-02
3.194224089384078979e-02
5.055242776870727539e-02
7.759799808263778687e-02
1.638813614845275879e-01
1.816075593233108521e-01
1.848787665367126465e-01
1.772267669439315796e-01
1.656445860862731934e-01
1.434183418750762939e-01
1.429219543933868408e-01
1.526237577199935913e-01
1.694621741771697998e-01
1.453334093093872070e-01
1.641051620244979858e-01
1.670760363340377808e-01
6.357708573341369629e-02
1.132427603006362915e-01
3.610564023256301880e-02
7.531332224607467651e-02
5.894181877374649048e-02
1.262424290180206299e-01
6.912391781806945801e-01
8.591890931129455566e-01
8.132494091987609863e-01
8.533311486244201660e-01
5.667788386344909668e-01
2.766245603561401367e-01
1.923336684703826904e-01
1.540971547365188599e-01
1.874657869338989258e-01
1.816579550504684448e-01
2.406910359859466553e-01
3.237303495407104492e-01
8.513810634613037109e-01
9.489481449127197266e-01
9.330966472625732422e-01
9.057403206825256348e-01
5.819936394691467285e-01
2.918599843978881836e-01
2.289831489324569702e-01
2.251823842525482178e-01
1.946870386600494385e-01
2.570574581623077393e-01
2.164656668901443481e-01
3.248632848262786865e-01
8.537385463714599609e-01
9.505528807640075684e-01
8.502707481384277344e-01
8.153947591781616211e-01
5.513224601745605469e-01
3.311462104320526123e-01
2.407667934894561768e-01
2.375999987125396729e-01
2.148988097906112671e-01
1.955412328243255615e-01
2.100465446710586548e-01
3.390597999095916748e-01
8.320872783660888672e-01
9.863220453262329102e-01
8.432813882827758789e-01
9.238380193710327148e-01
6.020359396934509277e-01
3.622854650020599365e-01
2.290580570697784424e-01
2.111645638942718506e-01
1.675695329904556274e-01
1.577852964401245117e-01
1.762765198945999146e-01
3.182282149791717529e-01
8.888334631919860840e-01
1.010766386985778809e+00
8.831914663314819336e-01
8.612262010574340820e-01
5.546910762786865234e-01
2.129459977149963379e-01
1.689505130052566528e-01
1.432652920484542847e-01
1.461333781480789185e-01
1.431909799575805664e-01
1.334206461906433105e-01
1.320780813694000244e-01
1.322947591543197632e-01
1.183466762304306030e-01
1.125631183385848999e-01
1.103964075446128845e-01
7.521028816699981689e-02
5.901600420475006104e-02
7.038249075412750244e-02
6.786399334669113159e-02
5.146665871143341064e-02
4.006048291921615601e-02
4.242726415395736694e-02
5.773577094078063965e-02
3.852964937686920166e-02
3.337446600198745728e-02
5.017930269241333008e-02
6.413234770298004150e-02
7.001555711030960083e-02
6.241922080516815186e-02
7.028735429048538208e-02
8.182533085346221924e-02
5.175899714231491089e-02
7.880958169698715210e-02
1.178566068410873413e-01
2.145555019378662109e-01
7.481757402420043945e-01
9.024978876113891602e-01
8.915548324584960938e-01
8.903356790542602539e-01
5.731675028800964355e-01
2.981855571269989014e-01
2.388739585876464844e-01
2.285235822200775146e-01
2.486359775066375732e-01
2.298370450735092163e-01
2.312076538801193237e-01
3.733509778976440430e-01
8.343899846076965332e-01
9.567006230354309082e-01
9.506394863128662109e-01
8.710816502571105957e-01
5.884671807289123535e-01
2.636039555072784424e-01
2.453128993511199951e-01
2.062380462884902954e-01
1.849734783172607422e-01
1.877716779708862305e-01
1.663377583026885986e-01
2.912670075893402100e-01
8.037260770797729492e-01
9.017606973648071289e-01
8.670746088027954102e-01
8.855543136596679688e-01
5.746617913246154785e-01
2.669725418090820312e-01
1.809823662042617798e-01
1.700008064508438110e-01
1.493153870105743408e-01
1.517640948295593262e-01
1.696380823850631714e-01
3.256663978099822998e-01
8.162576556205749512e-01
9.443105459213256836e-01
9.452007412910461426e-01
8.545308113098144531e-01
5.406630635261535645e-01
2.126603573560714722e-01
1.553063839673995972e-01
1.360949426889419556e-01
1.317697614431381226e-01
1.087838709354400635e-01
1.137135326862335205e-01
2.928862571716308594e-01
7.858014702796936035e-01
8.411349058151245117e-01
8.623812794685363770e-01
8.109482526779174805e-01
4.929645061492919922e-01
1.913731098175048828e-01
1.293484717607498169e-01
1.114661917090415955e-01
9.488426893949508667e-02
9.949675202369689941e-02
1.017807200551033020e-01
1.586419045925140381e-01
1.195320039987564087e-01
7.828720659017562866e-02
9.061224013566970825e-02
6.738659739494323730e-02
8.482968807220458984e-02
5.305479466915130615e-02
5.957568436861038208e-02
6.906218826770782471e-02
5.446737259626388550e-02
4.530453681945800781e-02
4.587545245885848999e-02
3.678353130817413330e-02
4.974453896284103394e-02
3.828329592943191528e-02
6.332263350486755371e-02
3.867935389280319214e-02
4.085698723793029785e-02
5.949533730745315552e-02
5.534616112709045410e-02
3.537730872631072998e-02
8.110396564006805420e-02
6.432949751615524292e-02
1.989180780947208405e-02
7.634838670492172241e-02
6.640970110893249512e-01
9.100452661514282227e-01
8.420807123184204102e-01
8.605793714523315430e-01
5.414888262748718262e-01
2.534038424491882324e-01
1.409170776605606079e-01
1.147240847349166870e-01
1.027787253260612488e-01
1.234918087720870972e-01
1.336297094821929932e-01
2.907973229885101318e-01
8.774691820144653320e-01
9.860040545463562012e-01
8.862336277961730957e-01
8.731486797332763672e-01
5.554287433624267578e-01
2.090525776147842407e-01
1.578088104724884033e-01
1.183354556560516357e-01
1.056149676442146301e-01
1.211768239736557007e-01
1.148141771554946899e-01
1.658945232629776001e-01
8.285533189773559570e-01
9.454256296157836914e-01
9.295438528060913086e-01
8.317170143127441406e-01
5.274447202682495117e-01
2.108453810214996338e-01
1.837322711944580078e-01
1.563645005226135254e-01
1.293137073516845703e-01
1.138279139995574951e-01
1.089831963181495667e-01
2.136574238538742065e-01
8.207850456237792969e-01
9.485104680061340332e-01
9.434533119201660156e-01
8.805205225944519043e-01
5.286620855331420898e-01
1.798207461833953857e-01
1.472796797752380371e-01
1.107559353113174438e-01
8.098870515823364258e-02
9.414350241422653198e-02
5.973624438047409058e-02
1.606700718402862549e-01
7.944646477699279785e-01
8.950571417808532715e-01
8.159751892089843750e-01
7.881550788879394531e-01
5.179563760757446289e-01
1.769184023141860962e-01
1.483332365751266479e-01
1.534386426210403442e-01
1.421390324831008911e-01
1.125782877206802368e-01
1.486366093158721924e-01
1.300788819789886475e-01
9.317771345376968384e-02
7.469223439693450928e-02
6.848199665546417236e-02
6.527063250541687012e-02
6.547253578901290894e-02
5.865038931369781494e-02
7.862458378076553345e-02
6.874786317348480225e-02
4.375378042459487915e-02
4.472932219505310059e-02
6.494440138339996338e-02
4.031558334827423096e-02
4.930078238248825073e-02
4.610838741064071655e-02
4.678512364625930786e-02
5.339932441711425781e-02
5.460064858198165894e-02
4.672395437955856323e-02
6.063294410705566406e-02
5.891074240207672119e-02
1.032284125685691833e-01
8.789870142936706543e-02
8.535777032375335693e-02
1.043655052781105042e-01
6.962276101112365723e-01
8.021400570869445801e-01
8.811028003692626953e-01
8.085585832595825195e-01
6.543470621109008789e-01
3.511561155319213867e-01
1.947620511054992676e-01
1.418600976467132568e-01
1.411386132240295410e-01
1.497346907854080200e-01
1.970887482166290283e-01
3.544129729270935059e-01
8.277251720428466797e-01
9.241654872894287109e-01
8.567337393760681152e-01
8.322804570198059082e-01
5.557344555854797363e-01
2.589126825332641602e-01
1.878716647624969482e-01
1.500509381294250488e-01
1.460681557655334473e-01
1.193446964025497437e-01
1.217545121908187866e-01
3.109402358531951904e-01
8.438565731048583984e-01
8.885408639907836914e-01
8.706543445587158203e-01
8.173173069953918457e-01
5.553428530693054199e-01
2.765011787414550781e-01
1.881831884384155273e-01
1.887085884809494019e-01
1.844082325696945190e-01
1.854886114597320557e-01
1.943164765834808350e-01
3.391726613044738770e-01
8.386113643646240234e-01
9.374646544456481934e-01
9.267591834068298340e-01
9.113439321517944336e-01
5.738080143928527832e-01
2.352432161569595337e-01
1.820169687271118164e-01
1.660020947456359863e-01
1.598757803440093994e-01
1.269449740648269653e-01
1.238269507884979248e-01
2.838545143604278564e-01
7.752659320831298828e-01
9.279510378837585449e-01
8.200649023056030273e-01
7.778732180595397949e-01
4.973226189613342285e-01
1.687284708023071289e-01
1.317755281925201416e-01
1.270232349634170532e-01
9.403265267610549927e-02
9.859711676836013794e-02
8.742575347423553467e-02
8.495797961950302124e-02
9.381458163261413574e-02
5.227344483137130737e-02
6.274285167455673218e-02
6.073006242513656616e-02
6.759152561426162720e-02
5.243767052888870239e-02
5.129992216825485229e-02
5.660335719585418701e-02
4.823295027017593384e-02
3.757027536630630493e-02
5.357916653156280518e-02
3.637694567441940308e-02
4.089976102113723755e-02
3.962076455354690552e-02
6.371407210826873779e-02
5.149642378091812134e-02
6.014567613601684570e-02
6.852393597364425659e-02
9.458903223276138306e-02
9.761669486761093140e-02
9.644641727209091187e-02
1.320593655109405518e-01
1.627791523933410645e-01
2.215568721294403076e-01
7.474891543388366699e-01
9.069838523864746094e-01
9.108598828315734863e-01
9.439157843589782715e-01
6.034113168716430664e-01
2.777384817600250244e-01
2.555747032165527344e-01
2.621589601039886475e-01
2.554180622100830078e-01
2.281916588544845581e-01
2.427884936332702637e-01
3.715049028396606445e-01
8.532379269599914551e-01
9.425771832466125488e-01
8.740990757942199707e-01
8.728287816047668457e-01
6.014937758445739746e-01
2.442526817321777344e-01
1.981389522552490234e-01
1.732049882411956787e-01
1.720253229141235352e-01
1.544799953699111938e-01
1.526440232992172241e-01
3.113475739955902100e-01
7.642303109169006348e-01
9.004501700401306152e-01
7.785686850547790527e-01
7.427352666854858398e-01
4.370287954807281494e-01
1.601059734821319580e-01
1.314246505498886108e-01
1.122356802225112915e-01
6.963094323873519897e-02
5.875853449106216431e-02
5.277855694293975830e-02
1.469569057226181030e-01
7.066878080368041992e-01
8.431149125099182129e-01
8.180983066558837891e-01
8.076695203781127930e-01
4.347541332244873047e-01
1.326299309730529785e-01
1.094344556331634521e-01
1.065305992960929871e-01
8.733683079481124878e-02
7.583577930927276611e-02
9.390421956777572632e-02
1.681053042411804199e-01
7.383364439010620117e-01
8.461248874664306641e-01
8.017472028732299805e-01
7.730973958969116211e-01
4.887283444404602051e-01
1.847705841064453125e-01
1.482831686735153198e-01
1.453992873430252075e-01
1.478737741708755493e-01
1.328535676002502441e-01
1.395719200372695923e-01
1.850157082080841064e-01
1.789674311876296997e-01
1.038051396608352661e-01
2.042707502841949463e-01
1.021681129932403564e-01
8.908660709857940674e-02
9.094922244548797607e-02
8.973387628793716431e-02
8.733128756284713745e-02
1.155085563659667969e-01
8.231590688228607178e-02
9.074297547340393066e-02
6.866810470819473267e-02
6.146327406167984009e-02
7.975932210683822632e-02
7.372861355543136597e-02
7.052479684352874756e-02
9.534572809934616089e-02
6.318632513284683228e-02
5.719001591205596924e-02
9.169965982437133789e-02
1.146816760301589966e-01
9.238117933273315430e-02
1.199151277542114258e-01
1.660685986280441284e-01
7.165024280548095703e-01
8.948426842689514160e-01
8.441274166107177734e-01
7.695408463478088379e-01
5.335549116134643555e-01
2.852491140365600586e-01
1.856995075941085815e-01
2.021970003843307495e-01
2.070148587226867676e-01
2.215279489755630493e-01
2.475171089172363281e-01
3.539626002311706543e-01
8.455358147621154785e-01
9.553231000900268555e-01
9.558206796646118164e-01
8.604836463928222656e-01
5.940594673156738281e-01
3.138232827186584473e-01
2.044452875852584839e-01
1.844743788242340088e-01
1.876825094223022461e-01
1.497398316860198975e-01
1.325664520263671875e-01
2.963615953922271729e-01
8.202849626541137695e-01
9.642289280891418457e-01
9.308280348777770996e-01
8.210392594337463379e-01
5.713977217674255371e-01
2.533621191978454590e-01
2.058526277542114258e-01
2.057658731937408447e-01
1.862576901912689209e-01
1.555154919624328613e-01
1.754746437072753906e-01
3.194101154804229736e-01
8.397133350372314453e-01
1.013919115066528320e+00
9.514007568359375000e-01
8.837118148803710938e-01
5.706374049186706543e-01
2.847158908843994141e-01
1.926992833614349365e-01
1.793337315320968628e-01
1.436367630958557129e-01
1.527020186185836792e-01
1.481563001871109009e-01
2.801049053668975830e-01
8.365497589111328125e-01
9.454453587532043457e-01
9.148694872856140137e-01
8.638005256652832031e-01
5.079410672187805176e-01
1.784731596708297729e-01
1.218495368957519531e-01
9.723601490259170532e-02
1.211283057928085327e-01
9.130886197090148926e-02
9.609219431877136230e-02
8.486555516719818115e-02
8.754567801952362061e-02
1.086144000291824341e-01
7.909351587295532227e-02
8.894885331392288208e-02
7.187557965517044067e-02
6.291426718235015869e-02
6.681887805461883545e-02
7.510477304458618164e-02
4.866099357604980469e-02
4.442264139652252197e-02
3.445476293563842773e-02
4.287280887365341187e-02
4.017285257577896118e-02
4.766384512186050415e-02
5.711784213781356812e-02
6.884166598320007324e-02
4.641726613044738770e-02
6.621894240379333496e-02
1.163017153739929199e-01
5.706839263439178467e-02
2.866848371922969818e-02
1.941854692995548248e-02
6.908609718084335327e-02
1.489263474941253662e-01
7.608465552330017090e-01
9.428312778472900391e-01
9.210782051086425781e-01
8.812824487686157227e-01
5.624870061874389648e-01
2.173964232206344604e-01
1.373616158962249756e-01
1.431729942560195923e-01
1.116285696625709534e-01
7.993070781230926514e-02
1.306902468204498291e-01
2.822063565254211426e-01
8.537355661392211914e-01
9.843029379844665527e-01
9.504456520080566406e-01
8.702638149261474609e-01
5.583978891372680664e-01
1.924498081207275391e-01
1.451716125011444092e-01
1.275801658630371094e-01
9.874402731657028198e-02
1.011854708194732666e-01
8.941791206598281860e-02
2.123156040906906128e-01
7.249438762664794922e-01
8.593329787254333496e-01
8.858205676078796387e-01
7.967419624328613281e-01
5.059162378311157227e-01
1.766015440225601196e-01
1.266298592090606689e-01
1.235363781452178955e-01
1.125313341617584229e-01
9.173242002725601196e-02
9.444992989301681519e-02
2.912992238998413086e-01
8.340567350387573242e-01
9.757852554321289062e-01
9.365544915199279785e-01
9.070061445236206055e-01
6.001138091087341309e-01
2.697153687477111816e-01
1.794968694448471069e-01
1.706949174404144287e-01
1.111935824155807495e-01
9.973252564668655396e-02
1.182459741830825806e-01
2.917720377445220947e-01
7.796853184700012207e-01
8.634210228919982910e-01
8.655089735984802246e-01
7.889009714126586914e-01
5.048902630805969238e-01
1.823733299970626831e-01
1.427032202482223511e-01
1.276527941226959229e-01
1.122004836797714233e-01
1.030560508370399475e-01
8.314368128776550293e-02
7.803526520729064941e-02
6.681277602910995483e-02
5.867882817983627319e-02
6.703087687492370605e-02
5.378476530313491821e-02
4.673503339290618896e-02
3.597918897867202759e-02
5.120266973972320557e-02
3.449409455060958862e-02
3.601715713739395142e-02
3.206769376993179321e-02
3.288658708333969116e-02
3.528431057929992676e-02
2.995448745787143707e-02
2.398061566054821014e-02
1.728445477783679962e-02
2.867353148758411407e-02
3.799629956483840942e-02
7.813984155654907227e-02
2.849339134991168976e-02
9.058704227209091187e-02
5.792131274938583374e-02
4.437854886054992676e-02
4.814939945936203003e-02
1.541192829608917236e-01
7.565727829933166504e-01
9.122126102447509766e-01
8.954349756240844727e-01
8.839691281318664551e-01
5.480263233184814453e-01
2.410992681980133057e-01
1.503848433494567871e-01
1.477719396352767944e-01
1.492529213428497314e-01
1.610584110021591187e-01
1.831556111574172974e-01
2.940566241741180420e-01
8.213408589363098145e-01
9.806205630302429199e-01
8.366266489028930664e-01
8.698706030845642090e-01
5.553097128868103027e-01
2.025676816701889038e-01
1.572170406579971313e-01
1.493335664272308350e-01
1.511159539222717285e-01
1.411392390727996826e-01
1.040646284818649292e-01
2.540190219879150391e-01
8.258053064346313477e-01
9.400297403335571289e-01
9.115081429481506348e-01
8.857424855232238770e-01
5.317312479019165039e-01
2.268726229667663574e-01
1.793374717235565186e-01
2.098511308431625366e-01
1.885929256677627563e-01
1.687220782041549683e-01
1.581274569034576416e-01
2.532139420509338379e-01
8.313829898834228516e-01
9.642047882080078125e-01
9.476493000984191895e-01
8.843960165977478027e-01
5.642283558845520020e-01
2.544166743755340576e-01
1.661671698093414307e-01
1.516002714633941650e-01
1.410799771547317505e-01
9.263528883457183838e-02
9.890652447938919067e-02
2.733407616615295410e-01
7.917697429656982422e-01
9.467489123344421387e-01
8.574705123901367188e-01
7.741012573242187500e-01
4.689687490463256836e-01
1.417310386896133423e-01
9.860951453447341919e-02
1.129984557628631592e-01
7.540332525968551636e-02
9.025168418884277344e-02
9.942806512117385864e-02
8.155931532382965088e-02
6.527496129274368286e-02
7.456455379724502563e-02
5.488637089729309082e-02
3.951533883810043335e-02
4.266069829463958740e-02
3.283499181270599365e-02
5.189058929681777954e-02
4.810436069965362549e-02
4.174798727035522461e-02
2.732411958277225494e-02
4.436746984720230103e-02
3.842380642890930176e-02
2.253282256424427032e-02
9.576053917407989502e-02
3.917866945266723633e-02
3.526413440704345703e-02
3.168123960494995117e-02
6.044612079858779907e-02
8.203577995300292969e-02
1.016018614172935486e-01
